timestamp, positionChange
5.0067901611328125e-06,-0.000546875
0.01274561882019043,-0.000546875
0.023918628692626953,-0.000546875
0.035077810287475586,-0.000546875
0.04384779930114746,-0.000546875
0.05299520492553711,-0.000546875
2.0638954639434814,0.0
2.068526029586792,-0.000546875
2.0733275413513184,-0.000546875
2.07812237739563,0.0
2.0826079845428467,0.0
2.0871055126190186,0.0
2.0916106700897217,0.0
2.0965561866760254,0.0
2.1011412143707275,0.0
2.105623722076416,0.0
2.1100940704345703,-0.000546875
2.1148412227630615,-0.000546875
2.11952543258667,0.0
2.124037265777588,0.0
2.1285033226013184,0.0
2.1329667568206787,-0.000546875
2.137775421142578,0.0
2.1422886848449707,-0.000546875
2.147113800048828,0.0
2.1516592502593994,0.0
2.1563665866851807,-0.000546875
2.161058187484741,-0.000546875
2.165787935256958,0.0
2.170305013656616,-0.000546875
2.1751461029052734,-0.000546875
2.179908275604248,-0.000546875
2.1846954822540283,0.0
2.189685106277466,-0.000546875
2.19498610496521,-0.000546875
2.2024986743927,-0.000546875
2.208361864089966,-0.000546875
2.2137606143951416,0.0
2.219057083129883,0.0
2.2241947650909424,-0.000546875
2.229325771331787,0.0
2.234323263168335,0.0
2.2395100593566895,-0.000546875
2.2448132038116455,0.0
2.2495038509368896,-0.000546875
2.25433087348938,-0.000546875
2.2591145038604736,0.0
2.263617753982544,0.0
2.268125295639038,0.0
2.272627592086792,0.0
2.27726674079895,0.0
2.2818350791931152,0.0
2.2863659858703613,0.0
2.290879487991333,0.0
2.2958247661590576,0.0
2.3005385398864746,0.0
2.305305242538452,-0.000546875
2.310056447982788,-0.000546875
2.3148155212402344,0.0
2.319422483444214,-0.000546875
2.3241493701934814,-0.000546875
2.3289084434509277,-0.000546875
2.3337390422821045,0.0
2.3384172916412354,0.0
2.342944622039795,0.0
2.347456216812134,-0.000546875
2.352400064468384,-0.000546875
2.3571949005126953,-0.000546875
2.361959218978882,0.0
2.366499662399292,0.0
2.3710410594940186,-0.000546875
2.3757593631744385,-0.000546875
2.3805556297302246,0.0
2.385265350341797,-0.000546875
2.390009880065918,-0.000546875
2.3947572708129883,0.0
2.399400234222412,0.0
2.40411639213562,-0.000546875
2.408860683441162,-0.000546875
2.41355037689209,0.0
2.4180915355682373,0.0
2.4226572513580322,0.0
2.427175521850586,-0.000546875
2.4319334030151367,0.0
2.436471462249756,-0.000546875
2.4413132667541504,0.0
2.445922613143921,-0.000546875
2.4510557651519775,0.0
4.457310676574707,-0.000546875
4.462167024612427,-0.000546875
4.467092990875244,-0.000546875
4.471984624862671,0.0
4.476488351821899,0.0
4.4809730052948,0.0
4.485504865646362,-0.000546875
4.490290641784668,-0.000546875
4.495060920715332,0.0
4.499596834182739,-0.000546875
4.504301309585571,-0.000546875
4.509032964706421,-0.000546875
4.513827562332153,-0.000546875
4.518687963485718,0.0
4.523749351501465,-0.000546875
4.528569221496582,0.0
4.533276557922363,-0.000546875
4.538029670715332,-0.000546875
4.542738914489746,-0.000546875
4.547518014907837,0.0
4.552168130874634,-0.000546875
4.556912660598755,-0.000546875
4.561622142791748,-0.000546875
4.56633186340332,0.0
4.571187734603882,-0.000546875
4.575940132141113,-0.000546875
4.580604076385498,-0.000546875
4.585328817367554,0.0
4.589813947677612,-0.00109375
4.594622611999512,-0.00164062
4.599405527114868,0.00382812
4.604124069213867,0.00710937
4.608853578567505,-0.0021875
4.613607883453369,-0.000546875
4.6183388233184814,0.0
4.623397350311279,0.0
4.628058910369873,0.0
4.633105516433716,0.0
4.637742757797241,0.0
4.642291069030762,0.0
4.6468727588653564,0.0
4.651429176330566,0.0
4.656130790710449,0.0
4.70086407661438,0.0
6.707674264907837,-0.000546875
6.712530136108398,-0.00164062
6.717303514480591,-0.0147656
6.721980810165405,-0.0142187
6.726877689361572,-0.00273438
6.731734037399292,0.000546875
6.736679553985596,-0.000546875
6.741487979888916,0.0
6.746046781539917,0.0
6.751035213470459,0.0
6.755630254745483,0.0
6.760165691375732,0.0
6.764928579330444,0.0
8.771717548370361,0.0
8.776492595672607,-0.000546875
8.78136157989502,0.0
8.785905361175537,-0.00164062
8.790637969970703,0.000546875
8.79527497291565,0.00109375
8.800649166107178,0.0
8.805202960968018,-0.0021875
8.809889078140259,-0.00164062
8.814518213272095,-0.000546875
8.819267272949219,-0.000546875
8.823947668075562,-0.000546875
8.828616857528687,-0.000546875
8.833797216415405,0.0
8.838545083999634,0.0
8.84307050704956,-0.000546875
8.888385772705078,0.0
8.991393566131592,0.0
9.027600526809692,-0.000546875
11.034544229507446,-0.0021875
11.03943681716919,-0.0114844
11.044307947158813,-0.00273438
11.049038887023926,-0.000546875
11.053966522216797,-0.0021875
11.058787822723389,-0.00765625
11.06374740600586,-0.00929688
11.068628787994385,-0.0114844
11.073523998260498,-0.0114844
11.078715801239014,-0.00109375
13.085718393325806,0.0
13.090376377105713,0.0
13.095071077346802,-0.000546875
13.09999680519104,0.0
13.104641675949097,0.0
13.10917329788208,0.0
13.113703727722168,0.0
13.118409156799316,0.0
13.123104810714722,-0.00328125
13.128177404403687,-0.0120313
13.132962703704834,-0.0136719
13.138251781463623,-0.0164063
13.143670082092285,-0.0158594
13.148898124694824,-0.0175
13.153994798660278,-0.0175
13.159240961074829,-0.000546875
13.164950132369995,-0.0164063
13.170171022415161,-0.0109375
13.175506591796875,0.0
13.180561304092407,0.0
13.185739994049072,0.0
13.190701484680176,0.0
13.19530439376831,0.0
13.201006889343262,0.0
13.205895900726318,0.0
13.210731744766235,0.0
13.215231657028198,0.0
13.308648586273193,0.0
13.387697696685791,0.0
15.394536256790161,0.0
15.399200677871704,-0.0021875
15.403919458389282,-0.0114844
15.408645868301392,-0.0164063
15.413272857666016,-0.0158594
15.417992353439331,-0.0136719
15.422632217407227,-0.0147656
15.427279233932495,-0.0136719
15.432245254516602,-0.0114844
15.437485933303833,-0.0109375
15.442299127578735,-0.0021875
15.446957111358643,0.0
15.451473951339722,0.0
15.456103086471558,0.0
15.460684537887573,0.0
15.465603351593018,0.0
15.470757007598877,0.0
15.475921154022217,0.0
15.48121690750122,0.0
15.563910961151123,0.0
15.582126379013062,0.0
17.589061737060547,-0.0021875
17.594362258911133,-0.00875
17.599579095840454,-0.013125
17.604790210723877,-0.0142187
17.610236883163452,-0.0136719
17.615618228912354,-0.0164063
17.620959997177124,-0.0164063
17.626022338867188,-0.0142187
17.630849599838257,-0.0169531
17.635945081710815,-0.013125
17.640756130218506,-0.000546875
17.64566159248352,0.0
17.65032696723938,0.0
17.654989004135132,0.0
17.65967059135437,0.0
17.66495132446289,0.0
17.669573545455933,0.0
17.674234867095947,0.0
17.715471744537354,0.0
17.822583436965942,0.0
17.82815718650818,0.0
19.836945295333862,-0.0065625
19.843048334121704,-0.013125
19.848857879638672,-0.0169531
19.854673147201538,-0.0169531
19.860533237457275,-0.0191406
19.86657452583313,-0.0185938
19.872427225112915,-0.0191406
19.87827730178833,-0.0158594
19.88431143760681,-0.0164063
19.89019513130188,-0.0114844
19.895984888076782,0.0
19.901695728302002,0.0
19.90769052505493,0.0
19.913402795791626,0.0
19.918818950653076,0.0
19.924333572387695,0.0
19.92970323562622,0.0
19.935485363006592,0.0
19.97149419784546,0.0
20.0733060836792,0.0
20.176713705062866,0.0
