L,i,D,A,R,',",",',D,i,s,t,a,n,c,e, ,(,m,),',",", ,',T,i,m,e, ,(,s,),"
"
1,0.37,0.04384779930114746
2,1.12,0.05299520492553711
2,1.13,2.0634055137634277
1,0.38,2.445922613143921
2,1.13,2.4510557651519775
9,4.457037448883057
1,0.38,4.696133375167847
2,1.28,4.70086407661438
2,1.37,6.707386493682861
1,0.38,6.760165691375732
2,1.35,6.764928579330444
2,1.70,8.7714364528656
1,0.39,9.02280855178833
2,1.71,9.027600526809692
2,1.66,11.034032821655273
1,0.38,11.073523998260498
2,1.66,11.078715801239014
2,1.56,13.0852370262146
1,0.39,13.382873058319092
2,1.54,13.387697696685791
2,1.40,15.3942551612854
1,0.40,15.57737112045288
2,1.40,15.582126379013062
2,1.04,17.5884428024292
1,0.41,17.822583436965942
2,1.03,17.82815718650818
2,0.88,19.83528208732605
1,0.43,20.204427003860474
2,0.87,20.210214853286743
