timestamp,velX,velY,velZ,gyroXdrift,gyroYdrift,gyroZdrift
0.002371,0.000000,0.000000,0.000000,0.000000,0.000000,0.000000
0.007223,0.000000,0.000000,0.000000,0.000000,0.000000,0.000000
0.011396,0.000000,0.000000,0.000000,0.000000,0.000000,0.000000
0.015633,0.000000,0.000000,0.000000,0.000000,0.000000,0.000000
0.019835,0.000000,0.000000,0.000000,0.000000,0.000000,0.000000
0.023910,0.000000,0.000000,0.000000,0.000000,0.000000,0.000000
0.027967,0.000000,0.000000,0.000000,0.000000,0.000000,0.000000
0.032055,0.000000,0.000000,0.000000,0.000000,0.000000,0.000000
0.036167,0.000000,0.000000,0.000000,0.000000,0.000000,0.000000
0.040359,0.000000,0.000000,0.000000,0.000000,0.000000,0.000000
0.044439,0.000000,0.000000,0.000000,0.000000,0.000000,0.000000
0.048497,0.000000,0.000000,0.000000,0.000000,0.000000,0.000000
0.052584,0.000000,0.000000,0.000000,0.000000,0.000000,0.000000
0.057123,0.000000,0.000000,0.000000,0.000000,0.000000,0.000000
0.063221,0.000000,0.000000,0.000000,0.000000,0.000000,0.000000
0.067989,0.000000,0.000000,0.000000,0.000000,0.000000,0.000000
0.072150,0.000000,0.000000,0.000000,0.000000,0.000000,0.000000
0.076267,0.000000,0.000000,0.000000,0.000000,0.000000,0.000000
0.080456,0.000000,0.000000,0.000000,0.000000,0.000000,0.000000
0.084549,0.000000,0.000000,0.000000,0.000000,0.000000,0.000000
0.088655,0.000000,0.000000,0.000000,0.000000,0.000000,0.000000
0.092720,0.000000,0.000000,0.000000,0.000000,0.000000,0.000000
0.096844,0.000000,0.000000,0.000000,0.000000,0.000000,0.000000
0.101009,0.000000,0.000000,0.000000,0.000000,0.000000,0.000000
0.105077,0.000000,0.000000,0.000000,0.000000,0.000000,0.000000
0.109137,0.000000,0.000000,0.000000,0.000000,0.000000,0.000000
0.113252,0.000000,0.000000,0.000000,0.000000,0.000000,0.000000
0.117508,0.000000,0.000000,0.000000,0.000000,0.000000,0.000000
0.121642,0.000000,0.000000,0.000000,0.000000,0.000000,0.000000
0.125774,0.000000,0.000000,0.000000,0.000000,0.000000,0.000000
0.129853,0.000000,0.000000,0.000000,0.000000,0.000000,0.000000
0.133952,0.000000,0.000000,0.000000,0.000000,0.000000,0.000000
0.138083,0.000000,0.000000,0.000000,0.000000,0.000000,0.000000
0.142219,0.000000,0.000000,0.000000,0.000000,0.000000,0.000000
0.146312,0.000000,0.000000,0.000000,0.000000,0.000000,0.000000
0.150367,0.000000,0.000000,0.000000,0.000000,0.000000,0.000000
0.154435,0.000000,0.000000,0.000000,0.000000,0.000000,0.000000
0.158536,0.000000,0.000000,0.000000,0.000000,0.000000,0.000000
0.162758,0.000000,0.000000,0.000000,0.000000,0.000000,0.000000
0.166970,0.000000,0.000000,0.000000,0.000000,0.000000,0.000000
0.171076,0.000000,0.000000,0.000000,0.000000,0.000000,0.000000
0.175151,0.000000,0.000000,0.000000,0.000000,0.000000,0.000000
0.179549,0.000000,0.000000,0.000000,0.000000,0.000000,0.000000
0.183762,0.000000,0.000000,0.000000,0.000000,0.000000,0.000000
0.187878,0.000000,0.000000,0.000000,0.000000,0.000000,0.000000
0.191982,0.000000,0.000000,0.000000,0.000000,0.000000,0.000000
0.196044,0.000000,0.000000,0.000000,0.000000,0.000000,0.000000
0.200191,0.000000,0.000000,0.000000,0.000000,0.000000,0.000000
0.204319,0.000000,0.000000,0.000000,0.000000,0.000000,0.000000
0.208381,0.000000,0.000000,0.000000,0.000000,0.000000,0.000000
0.212476,0.000000,0.000000,0.000000,0.000000,0.000000,0.000000
0.216878,0.000000,0.000000,0.000000,0.000000,0.000000,0.000000
0.221122,0.000000,0.000000,0.000000,0.000000,0.000000,0.000000
0.225306,0.000000,0.000000,0.000000,0.000000,0.000000,0.000000
0.229386,0.000000,0.000000,0.000000,0.000000,0.000000,0.000000
0.233457,0.000000,0.000000,0.000000,0.000000,0.000000,0.000000
0.237509,0.000000,0.000000,0.000000,0.000000,0.000000,0.000000
0.241660,0.000000,0.000000,0.000000,0.000000,0.000000,0.000000
0.245839,0.000000,0.000000,0.000000,0.000000,0.000000,0.000000
0.249942,0.000000,0.000000,0.000000,0.000000,0.000000,0.000000
0.254009,0.000000,0.000000,0.000000,0.000000,0.000000,0.000000
0.258054,0.000000,0.000000,0.000000,0.000000,0.000000,0.000000
0.262199,0.000000,0.000000,0.000000,0.000000,0.000000,0.000000
0.266566,0.000000,0.000000,0.000000,0.000000,0.000000,0.000000
0.270702,0.000000,0.000000,0.000000,0.000000,0.000000,0.000000
0.274765,0.000000,0.000000,0.000000,0.000000,0.000000,0.000000
0.279151,0.000000,0.000000,0.000000,0.000000,0.000000,0.000000
0.283348,0.000000,0.000000,0.000000,0.000000,0.000000,0.000000
0.287429,0.000000,0.000000,0.000000,0.000000,0.000000,0.000000
0.291506,0.000000,0.000000,0.000000,0.000000,0.000000,0.000000
0.295603,0.000000,0.000000,0.000000,0.000000,0.000000,0.000000
0.299738,0.000000,0.000000,0.000000,0.000000,0.000000,0.000000
0.303916,0.000000,0.000000,0.000000,0.000000,0.000000,0.000000
0.307983,0.000000,0.000000,0.000000,0.000000,0.000000,0.000000
0.312073,0.000000,0.000000,0.000000,0.000000,0.000000,0.000000
0.316586,0.000000,0.000000,0.000000,0.000000,0.000000,0.000000
0.320789,0.000000,0.000000,0.000000,0.000000,0.000000,0.000000
0.324949,0.000000,0.000000,0.000000,0.000000,0.000000,0.000000
0.329056,0.000000,0.000000,0.000000,0.000000,0.000000,0.000000
0.333132,0.000000,0.000000,0.000000,0.000000,0.000000,0.000000
0.337186,0.000000,0.000000,0.000000,0.000000,0.000000,0.000000
0.341315,0.000000,0.000000,0.000000,0.000000,0.000000,0.000000
0.345456,0.000000,0.000000,0.000000,0.000000,0.000000,0.000000
0.349516,0.000000,0.000000,0.000000,0.000000,0.000000,0.000000
0.353646,0.000000,0.000000,0.000000,0.000000,0.000000,0.000000
0.357771,0.000000,0.000000,0.000000,0.000000,0.000000,0.000000
0.361901,0.000000,0.000000,0.000000,0.000000,0.000000,0.000000
0.366375,0.000000,0.000000,0.000000,0.000000,0.000000,0.000000
0.370516,0.000000,0.000000,0.000000,0.000000,0.000000,0.000000
0.374853,0.000000,0.000000,0.000000,0.000000,0.000000,0.000000
0.380185,0.000000,0.000000,0.000000,0.000000,0.000000,0.000000
0.384441,0.000000,0.000000,0.000000,0.000000,0.000000,0.000000
0.388567,0.000000,0.000000,0.000000,0.000000,0.000000,0.000000
0.392663,0.000000,0.000000,0.000000,0.000000,0.000000,0.000000
0.396711,0.000000,0.000000,0.000000,0.000000,0.000000,0.000000
0.400746,0.000000,0.000000,0.000000,0.000000,0.000000,0.000000
0.404921,0.000000,0.000000,0.000000,0.000000,0.000000,0.000000
0.409024,0.000000,0.000000,0.000000,0.000000,0.000000,0.000000
0.413078,0.000000,0.000000,0.000000,0.000000,0.000000,0.000000
0.417388,0.000000,0.000000,0.000000,0.000000,0.000000,0.000000
0.421536,0.000000,0.000000,0.000000,0.000000,0.000000,0.000000
0.425727,0.000000,0.000000,0.000000,0.000000,0.000000,0.000000
0.429826,0.000000,0.000000,0.000000,0.000000,0.000000,0.000000
0.433875,0.000000,0.000000,0.000000,0.000000,0.000000,0.000000
0.437934,0.000000,0.000000,0.000000,0.000000,0.000000,0.000000
0.441998,0.000000,0.000000,0.000000,0.000000,0.000000,0.000000
0.446154,0.000000,0.000000,0.000000,0.000000,0.000000,0.000000
0.450232,0.000000,0.000000,0.000000,0.000000,0.000000,0.000000
0.454305,0.000000,0.000000,0.000000,0.000000,0.000000,0.000000
0.458408,0.000000,0.000000,0.000000,0.000000,0.000000,0.000000
0.462510,0.000000,0.000000,0.000000,0.000000,0.000000,0.000000
0.466823,0.000000,0.000000,0.000000,0.000000,0.000000,0.000000
0.471004,0.000000,0.000000,0.000000,0.000000,0.000000,0.000000
0.475073,0.000000,0.000000,0.000000,0.000000,0.000000,0.000000
0.479129,0.000000,0.000000,0.000000,0.000000,0.000000,0.000000
0.483215,0.000000,0.000000,0.000000,0.000000,0.000000,0.000000
0.487380,0.000000,0.000000,0.000000,0.000000,0.000000,0.000000
0.491488,0.000000,0.000000,0.000000,0.000000,0.000000,0.000000
0.495545,0.000000,0.000000,0.000000,0.000000,0.000000,0.000000
0.499622,0.000000,0.000000,0.000000,0.000000,0.000000,0.000000
0.503711,0.000000,0.000000,0.000000,0.000000,0.000000,0.000000
0.507883,0.000000,0.000000,0.000000,0.000000,0.000000,0.000000
0.511976,0.000000,0.000000,0.000000,0.000000,0.000000,0.000000
0.516282,0.000000,0.000000,0.000000,0.000000,0.000000,0.000000
0.520571,0.000000,0.000000,0.000000,0.000000,0.000000,0.000000
0.524778,0.000000,0.000000,0.000000,0.000000,0.000000,0.000000
0.528915,0.000000,0.000000,0.000000,0.000000,0.000000,0.000000
0.533022,0.000000,0.000000,0.000000,0.000000,0.000000,0.000000
0.537151,0.000000,0.000000,0.000000,0.000000,0.000000,0.000000
0.541207,0.000000,0.000000,0.000000,0.000000,0.000000,0.000000
0.545568,0.000000,0.000000,0.000000,0.000000,0.000000,0.000000
0.549675,0.000000,0.000000,0.000000,0.000000,0.000000,0.000000
0.553761,0.000000,0.000000,0.000000,0.000000,0.000000,0.000000
0.557831,0.000000,0.000000,0.000000,0.000000,0.000000,0.000000
0.561915,0.000000,0.000000,0.000000,0.000000,0.000000,0.000000
0.566438,0.000000,0.000000,0.000000,0.000000,0.000000,0.000000
0.575911,0.000000,0.000000,0.000000,0.000000,0.000000,0.000000
0.585145,0.000000,0.000000,0.000000,0.000000,0.000000,0.000000
0.595005,0.000000,0.000000,0.000000,0.000000,0.000000,0.000000
0.604202,0.000000,0.000000,0.000000,0.000000,0.000000,0.000000
0.613524,0.000000,0.000000,0.000000,0.000000,0.000000,0.000000
0.622958,0.000000,0.000000,0.000000,0.000000,0.000000,0.000000
0.632221,0.000000,0.000000,0.000000,0.000000,0.000000,0.000000
0.641464,0.000000,0.000000,0.000000,0.000000,0.000000,0.000000
0.650657,0.000000,0.000000,0.000000,0.000000,0.000000,0.000000
0.659803,0.000000,0.000000,0.000000,0.000000,0.000000,0.000000
0.669000,0.000000,0.000000,0.000000,0.000000,0.000000,0.000000
0.677533,0.000000,0.000000,0.000000,0.000000,0.000000,0.000000
0.686373,0.000000,0.000000,0.000000,0.000000,0.000000,0.000000
0.694737,0.000000,0.000000,0.000000,0.000000,0.000000,0.000000
0.702961,0.000000,0.000000,0.000000,0.000000,0.000000,0.000000
0.711233,0.000000,0.000000,0.000000,0.000000,0.000000,0.000000
0.719619,0.000000,0.000000,0.000000,0.000000,0.000000,0.000000
0.727962,0.000000,0.000000,0.000000,0.000000,0.000000,0.000000
0.736257,0.000000,0.000000,0.000000,0.000000,0.000000,0.000000
0.744435,0.000000,0.000000,0.000000,0.000000,0.000000,0.000000
0.752791,0.000000,0.000000,0.000000,0.000000,0.000000,0.000000
0.761020,0.000000,0.000000,0.000000,0.000000,0.000000,0.000000
0.769389,0.000000,0.000000,0.000000,0.000000,0.000000,0.000000
0.777758,0.000000,0.000000,0.000000,0.000000,0.000000,0.000000
0.785955,0.000000,0.000000,0.000000,0.000000,0.000000,0.000000
0.794394,0.000000,0.000000,0.000000,0.000000,0.000000,0.000000
0.802711,0.000000,0.000000,0.000000,0.000000,0.000000,0.000000
0.810914,0.000000,0.000000,0.000000,0.000000,0.000000,0.000000
0.819423,0.000000,0.000000,0.000000,0.000000,0.000000,0.000000
0.827784,0.000000,0.000000,0.000000,0.000000,0.000000,0.000000
0.836061,0.000000,0.000000,0.000000,0.000000,0.000000,0.000000
0.844338,0.000000,0.000000,0.000000,0.000000,0.000000,0.000000
0.852747,0.000000,0.000000,0.000000,0.000000,0.000000,0.000000
0.861159,0.000000,0.000000,0.000000,0.000000,0.000000,0.000000
0.869628,0.000000,0.000000,0.000000,0.000000,0.000000,0.000000
0.878092,0.000000,0.000000,0.000000,0.000000,0.000000,0.000000
0.886492,0.000000,0.000000,0.000000,0.000000,0.000000,0.000000
0.894801,0.000000,0.000000,0.000000,0.000000,0.000000,0.000000
0.903055,0.000000,0.000000,0.000000,0.000000,0.000000,0.000000
0.911294,0.000000,0.000000,0.000000,0.000000,0.000000,0.000000
0.919650,0.000000,0.000000,0.000000,0.000000,0.000000,0.000000
0.928048,0.000000,0.000000,0.000000,0.000000,0.000000,0.000000
0.936398,0.000000,0.000000,0.000000,0.000000,0.000000,0.000000
0.944701,0.000000,0.000000,0.000000,0.000000,0.000000,0.000000
0.952932,0.000000,0.000000,0.000000,0.000000,0.000000,0.000000
0.961271,0.000000,0.000000,0.000000,0.000000,0.000000,0.000000
0.969536,0.000000,0.000000,0.000000,0.000000,0.000000,0.000000
0.978002,0.000000,0.000000,0.000000,0.000000,0.000000,0.000000
0.986250,0.000000,0.000000,0.000000,0.000000,0.000000,0.000000
0.994487,0.000000,0.000000,0.000000,0.000000,0.000000,0.000000
1.003465,0.000000,0.000000,0.000000,0.000000,0.000000,0.000000
1.011734,0.000000,0.000000,0.000000,0.000000,0.000000,0.000000
1.020077,0.000000,0.000000,0.000000,0.000000,0.000000,0.000000
1.028608,0.000000,0.000000,0.000000,0.000000,0.000000,0.000000
1.036843,0.000000,0.000000,0.000000,0.000000,0.000000,0.000000
1.045125,0.000000,0.000000,0.000000,0.000000,0.000000,0.000000
1.053332,0.000000,0.000000,0.000000,0.000000,0.000000,0.000000
1.064799,0.000000,0.000000,0.000000,0.000000,0.000000,0.000000
1.073967,0.000000,0.000000,0.000000,0.000000,0.000000,0.000000
1.081823,0.000000,0.000000,0.000000,0.000000,0.000000,0.000000
1.089305,0.000000,0.000000,0.000000,0.000000,0.000000,0.000000
1.096776,0.000000,0.000000,0.000000,0.000000,0.000000,0.000000
1.104548,0.000000,0.000000,0.000000,0.000000,0.000000,0.000000
1.112013,0.000000,0.000000,0.000000,0.000000,0.000000,0.000000
1.119514,0.000000,0.000000,0.000000,0.000000,0.000000,0.000000
1.127269,0.000000,0.000000,0.000000,0.000000,0.000000,0.000000
1.134812,0.000000,0.000000,0.000000,0.000000,0.000000,0.000000
1.142345,0.000000,0.000000,0.000000,0.000000,0.000000,0.000000
1.149836,0.000000,0.000000,0.000000,0.000000,0.000000,0.000000
1.157299,0.000000,0.000000,0.000000,0.000000,0.000000,0.000000
1.164846,0.000000,0.000000,0.000000,0.000000,0.000000,0.000000
1.172529,0.000000,0.000000,0.000000,0.000000,0.000000,0.000000
1.180923,0.000000,0.000000,0.000000,0.000000,0.000000,0.000000
1.189245,0.000000,0.000000,0.000000,0.000000,0.000000,0.000000
1.197424,0.000000,0.000000,0.000000,0.000000,0.000000,0.000000
1.205707,0.000000,0.000000,0.000000,0.000000,0.000000,0.000000
1.213958,0.000000,0.000000,0.000000,0.000000,0.000000,0.000000
1.222241,0.000000,0.000000,0.000000,0.000000,0.000000,0.000000
1.230647,0.000000,0.000000,0.000000,0.000000,0.000000,0.000000
1.238873,0.000000,0.000000,0.000000,0.000000,0.000000,0.000000
1.247148,0.000000,0.000000,0.000000,0.000000,0.000000,0.000000
1.255363,0.000000,0.000000,0.000000,0.000000,0.000000,0.000000
1.263583,0.000000,0.000000,0.000000,0.000000,0.000000,0.000000
1.271930,0.000000,0.000000,0.000000,0.000000,0.000000,0.000000
1.280765,0.000000,0.000000,0.000000,0.000000,0.000000,0.000000
1.289182,0.000000,0.000000,0.000000,0.000000,0.000000,0.000000
1.297364,0.000000,0.000000,0.000000,0.000000,0.000000,0.000000
1.305730,0.000000,0.000000,0.000000,0.000000,0.000000,0.000000
1.313962,0.000000,0.000000,0.000000,0.000000,0.000000,0.000000
1.322256,0.000000,0.000000,0.000000,0.000000,0.000000,0.000000
1.330756,0.000000,0.000000,0.000000,0.000000,0.000000,0.000000
1.339046,0.000000,0.000000,0.000000,0.000000,0.000000,0.000000
1.347285,0.000000,0.000000,0.000000,0.000000,0.000000,0.000000
1.355531,0.000000,0.000000,0.000000,0.000000,0.000000,0.000000
1.363726,0.000000,0.000000,0.000000,0.000000,0.000000,0.000000
1.372106,0.000000,0.000000,0.000000,0.000000,0.000000,0.000000
1.380489,0.000000,0.000000,0.000000,0.000000,0.000000,0.000000
1.388828,0.000000,0.000000,0.000000,0.000000,0.000000,0.000000
1.397700,0.000000,0.000000,0.000000,0.000000,0.000000,0.000000
1.405938,0.000000,0.000000,0.000000,0.000000,0.000000,0.000000
1.414186,0.000000,0.000000,0.000000,0.000000,0.000000,0.000000
1.422345,0.000000,0.000000,0.000000,0.000000,0.000000,0.000000
1.430680,0.000000,0.000000,0.000000,0.000000,0.000000,0.000000
1.438951,0.000000,0.000000,0.000000,0.000000,0.000000,0.000000
1.447207,0.000000,0.000000,0.000000,0.000000,0.000000,0.000000
1.455511,0.000000,0.000000,0.000000,0.000000,0.000000,0.000000
1.463683,0.000000,0.000000,0.000000,0.000000,0.000000,0.000000
1.471984,0.000000,0.000000,0.000000,0.000000,0.000000,0.000000
1.480448,0.000000,0.000000,0.000000,0.000000,0.000000,0.000000
1.488800,0.000000,0.000000,0.000000,0.000000,0.000000,0.000000
1.497055,0.000000,0.000000,0.000000,0.000000,0.000000,0.000000
1.505223,0.000000,0.000000,0.000000,0.000000,0.000000,0.000000
1.513649,0.000000,0.000000,0.000000,0.000000,0.000000,0.000000
1.522003,0.000000,0.000000,0.000000,0.000000,0.000000,0.000000
1.530406,0.000000,0.000000,0.000000,0.000000,0.000000,0.000000
1.538705,0.000000,0.000000,0.000000,0.000000,0.000000,0.000000
1.546897,0.000000,0.000000,0.000000,0.000000,0.000000,0.000000
1.555217,0.000000,0.000000,0.000000,0.000000,0.000000,0.000000
1.563396,0.000000,0.000000,0.000000,0.000000,0.000000,0.000000
1.571691,0.000000,0.000000,0.000000,0.000000,0.000000,0.000000
1.580451,0.000000,0.000000,0.000000,0.000000,0.000000,0.000000
1.589231,0.000000,0.000000,0.000000,0.000000,0.000000,0.000000
1.597532,0.000000,0.000000,0.000000,0.000000,0.000000,0.000000
1.605754,0.000000,0.000000,0.000000,0.000000,0.000000,0.000000
1.614015,0.000000,0.000000,0.000000,0.000000,0.000000,0.000000
1.622480,0.000000,0.000000,0.000000,0.000000,0.000000,0.000000
1.630875,0.000000,0.000000,0.000000,0.000000,0.000000,0.000000
1.639132,0.000000,0.000000,0.000000,0.000000,0.000000,0.000000
1.647311,0.000000,0.000000,0.000000,0.000000,0.000000,0.000000
1.655643,0.000000,0.000000,0.000000,0.000000,0.000000,0.000000
1.663887,0.000000,0.000000,0.000000,0.000000,0.000000,0.000000
1.672101,0.000000,0.000000,0.000000,0.000000,0.000000,0.000000
1.680566,0.000000,0.000000,0.000000,0.000000,0.000000,0.000000
1.688851,0.000000,0.000000,0.000000,0.000000,0.000000,0.000000
1.697112,0.000000,0.000000,0.000000,0.000000,0.000000,0.000000
1.705281,0.000000,0.000000,0.000000,0.000000,0.000000,0.000000
1.713440,0.000000,0.000000,0.000000,0.000000,0.000000,0.000000
1.721702,0.000000,0.000000,0.000000,0.000000,0.000000,0.000000
1.729996,0.000000,0.000000,0.000000,0.000000,0.000000,0.000000
1.738393,0.000000,0.000000,0.000000,0.000000,0.000000,0.000000
1.746581,0.000000,0.000000,0.000000,0.000000,0.000000,0.000000
1.754808,0.000000,0.000000,0.000000,0.000000,0.000000,0.000000
1.763006,0.000000,0.000000,0.000000,0.000000,0.000000,0.000000
1.771148,0.000000,0.000000,0.000000,0.000000,0.000000,0.000000
1.779547,0.000000,0.000000,0.000000,0.000000,0.000000,0.000000
1.787878,0.000000,0.000000,0.000000,0.000000,0.000000,0.000000
1.796749,0.000000,0.000000,0.000000,0.000000,0.000000,0.000000
1.804957,0.000000,0.000000,0.000000,0.000000,0.000000,0.000000
1.813111,0.000000,0.000000,0.000000,0.000000,0.000000,0.000000
1.821392,0.000000,0.000000,0.000000,0.000000,0.000000,0.000000
1.829607,0.000000,0.000000,0.000000,0.000000,0.000000,0.000000
1.838546,0.000000,0.000000,0.000000,0.000000,0.000000,0.000000
1.846792,0.000000,0.000000,0.000000,0.000000,0.000000,0.000000
1.855088,0.000000,0.000000,0.000000,0.000000,0.000000,0.000000
1.863355,0.000000,0.000000,0.000000,0.000000,0.000000,0.000000
1.871554,0.000000,0.000000,0.000000,0.000000,0.000000,0.000000
1.879866,0.000000,0.000000,0.000000,0.000000,0.000000,0.000000
1.888293,0.000000,0.000000,0.000000,0.000000,0.000000,0.000000
1.896613,0.000000,0.000000,0.000000,0.000000,0.000000,0.000000
1.904876,0.000000,0.000000,0.000000,0.000000,0.000000,0.000000
1.913034,0.000000,0.000000,0.000000,0.000000,0.000000,0.000000
1.921421,0.000000,0.000000,0.000000,0.000000,0.000000,0.000000
1.929726,0.000000,0.000000,0.000000,0.000000,0.000000,0.000000
1.938282,0.000000,0.000000,0.000000,0.000000,0.000000,0.000000
1.946569,0.000000,0.000000,0.000000,0.000000,0.000000,0.000000
1.954747,0.000000,0.000000,0.000000,0.000000,0.000000,0.000000
1.963046,0.000000,0.000000,0.000000,0.000000,0.000000,0.000000
1.971276,0.000000,0.000000,0.000000,0.000000,0.000000,0.000000
1.979552,0.000000,0.000000,0.000000,0.000000,0.000000,0.000000
1.988112,0.000000,0.000000,0.000000,0.000000,0.000000,0.000000
1.996384,0.000000,0.000000,0.000000,0.000000,0.000000,0.000000
2.004705,0.000000,0.000000,0.000000,0.000000,0.000000,0.000000
2.012905,0.000000,0.000000,0.000000,0.000000,0.000000,0.000000
2.021179,0.000000,0.000000,0.000000,0.000000,0.000000,0.000000
2.029386,0.000000,0.000000,0.000000,0.000000,0.000000,0.000000
2.037861,0.000000,0.000000,0.000000,0.000000,0.000000,0.000000
2.046178,0.000000,0.000000,0.000000,0.000000,0.000000,0.000000
2.054433,0.000000,0.000000,0.000000,0.000000,0.000000,0.000000
2.063456,0.000000,0.000000,0.000000,0.000000,0.000000,0.000000
2.072561,0.000000,0.000000,0.000000,0.000000,0.000000,0.000000
2.080939,0.000000,0.000000,0.000000,0.000000,0.000000,0.000000
2.089216,0.000000,0.000000,0.000000,0.000000,0.000000,0.000000
2.096710,0.000000,0.000000,0.000000,0.000000,0.000000,0.000000
2.104786,0.000000,0.000000,0.000000,0.000000,0.000000,0.000000
2.112269,0.000000,0.000000,0.000000,0.000000,0.000000,0.000000
2.119736,0.000000,0.000000,0.000000,0.000000,0.000000,0.000000
2.127421,0.000000,0.000000,0.000000,0.000000,0.000000,0.000000
2.135775,0.000000,0.000000,0.000000,0.000000,0.000000,0.000000
2.143475,0.000000,0.000000,0.000000,0.000000,0.000000,0.000000
2.151032,0.000000,0.000000,0.000000,0.000000,0.000000,0.000000
2.158463,0.000000,0.000000,0.000000,0.000000,0.000000,0.000000
2.165981,0.000000,0.000000,0.000000,0.000000,0.000000,0.000000
2.173474,0.000000,0.000000,0.000000,0.000000,0.000000,0.000000
2.182955,0.000000,0.000000,0.000000,0.000000,0.000000,0.000000
2.192131,0.000000,0.000000,0.000000,0.000000,0.000000,0.000000
2.200381,0.000000,0.000000,0.000000,0.000000,0.000000,0.000000
2.208664,0.000000,0.000000,0.000000,0.000000,0.000000,0.000000
2.217012,0.000000,0.000000,0.000000,0.000000,0.000000,0.000000
2.225283,0.000000,0.000000,0.000000,0.000000,0.000000,0.000000
2.233599,0.000000,0.000000,0.000000,0.000000,0.000000,0.000000
2.241991,0.000000,0.000000,0.000000,0.000000,0.000000,0.000000
2.250349,0.000000,0.000000,0.000000,0.000000,0.000000,0.000000
2.258557,0.000000,0.000000,0.000000,0.000000,0.000000,0.000000
2.266881,0.000000,0.000000,0.000000,0.000000,0.000000,0.000000
2.275195,0.000000,0.000000,0.000000,0.000000,0.000000,0.000000
2.283482,0.000000,0.000000,0.000000,0.000000,0.000000,0.000000
2.291995,0.000000,0.000000,0.000000,0.000000,0.000000,0.000000
2.300273,0.000000,0.000000,0.000000,0.000000,0.000000,0.000000
2.308545,0.000000,0.000000,0.000000,0.000000,0.000000,0.000000
2.316776,0.000000,0.000000,0.000000,0.000000,0.000000,0.000000
2.324949,0.000000,0.000000,0.000000,0.000000,0.000000,0.000000
2.333329,0.000000,0.000000,0.000000,0.000000,0.000000,0.000000
2.341923,0.000000,0.000000,0.000000,0.000000,0.000000,0.000000
2.350301,0.000000,0.000000,0.000000,0.000000,0.000000,0.000000
2.358531,0.000000,0.000000,0.000000,0.000000,0.000000,0.000000
2.366775,0.000000,0.000000,0.000000,0.000000,0.000000,0.000000
2.375175,0.000000,0.000000,0.000000,0.000000,0.000000,0.000000
2.383478,0.000000,0.000000,0.000000,0.000000,0.000000,0.000000
2.391928,0.000000,0.000000,0.000000,0.000000,0.000000,0.000000
2.400177,0.000000,0.000000,0.000000,0.000000,0.000000,0.000000
2.408396,0.000000,0.000000,0.000000,0.000000,0.000000,0.000000
2.416651,0.000000,0.000000,0.000000,0.000000,0.000000,0.000000
2.424820,0.000000,0.000000,0.000000,0.000000,0.000000,0.000000
2.433101,0.000000,0.000000,0.000000,0.000000,0.000000,0.000000
2.441555,0.000000,0.000000,0.000000,0.000000,0.000000,0.000000
2.449901,0.000000,0.000000,0.000000,0.000000,0.000000,0.000000
2.458155,0.000000,0.000000,0.000000,0.000000,0.000000,0.000000
2.466356,0.000000,0.000000,0.000000,0.000000,0.000000,0.000000
2.474601,0.000000,0.000000,0.000000,0.000000,0.000000,0.000000
2.484034,0.000000,0.000000,0.000000,0.000000,0.000000,0.000000
2.492598,0.000000,0.000000,0.000000,0.000000,0.000000,0.000000
2.500949,0.000000,0.000000,0.000000,0.000000,0.000000,0.000000
2.509183,0.000000,0.000000,0.000000,0.000000,0.000000,0.000000
2.517519,0.000000,0.000000,0.000000,0.000000,0.000000,0.000000
2.525720,0.000000,0.000000,0.000000,0.000000,0.000000,0.000000
2.534002,0.000000,0.000000,0.000000,0.000000,0.000000,0.000000
2.542952,0.000000,0.000000,0.000000,0.000000,0.000000,0.000000
2.551483,0.000000,0.000000,0.000000,0.000000,0.000000,0.000000
2.559844,0.000000,0.000000,0.000000,0.000000,0.000000,0.000000
2.568018,0.000000,0.000000,0.000000,0.000000,0.000000,0.000000
2.576278,0.000000,0.000000,0.000000,0.000000,0.000000,0.000000
2.584533,0.000000,0.000000,0.000000,0.000000,0.000000,0.000000
2.593577,0.000000,0.000000,0.000000,0.000000,0.000000,0.000000
2.601963,0.000000,0.000000,0.000000,0.000000,0.000000,0.000000
2.610146,0.000000,0.000000,0.000000,0.000000,0.000000,0.000000
2.618451,0.000000,0.000000,0.000000,0.000000,0.000000,0.000000
2.626640,0.000000,0.000000,0.000000,0.000000,0.000000,0.000000
2.634849,0.000000,0.000000,0.000000,0.000000,0.000000,0.000000
2.643518,0.000000,0.000000,0.000000,0.000000,0.000000,0.000000
2.651992,0.000000,0.000000,0.000000,0.000000,0.000000,0.000000
2.660419,0.000000,0.000000,0.000000,0.000000,0.000000,0.000000
2.668628,0.000000,0.000000,0.000000,0.000000,0.000000,0.000000
2.676969,0.000000,0.000000,0.000000,0.000000,0.000000,0.000000
2.685294,0.000000,0.000000,0.000000,0.000000,0.000000,0.000000
2.694052,0.000000,0.000000,0.000000,0.000000,0.000000,0.000000
2.702434,0.000000,0.000000,0.000000,0.000000,0.000000,0.000000
2.710954,0.000000,0.000000,0.000000,0.000000,0.000000,0.000000
2.719945,0.000000,0.000000,0.000000,0.000000,0.000000,0.000000
2.728185,0.000000,0.000000,0.000000,0.000000,0.000000,0.000000
2.736431,0.000000,0.000000,0.000000,0.000000,0.000000,0.000000
2.744847,0.000000,0.000000,0.000000,0.000000,0.000000,0.000000
2.753134,0.000000,0.000000,0.000000,0.000000,0.000000,0.000000
2.761480,0.000000,0.000000,0.000000,0.000000,0.000000,0.000000
2.769849,0.000000,0.000000,0.000000,0.000000,0.000000,0.000000
2.778079,0.000000,0.000000,0.000000,0.000000,0.000000,0.000000
2.786340,0.000000,0.000000,0.000000,0.000000,0.000000,0.000000
2.794840,0.000000,0.000000,0.000000,0.000000,0.000000,0.000000
2.803314,0.000000,0.000000,0.000000,0.000000,0.000000,0.000000
2.811596,0.000000,0.000000,0.000000,0.000000,0.000000,0.000000
2.819996,0.000000,0.000000,0.000000,0.000000,0.000000,0.000000
2.828280,0.000000,0.000000,0.000000,0.000000,0.000000,0.000000
2.836513,0.000000,0.000000,0.000000,0.000000,0.000000,0.000000
2.845131,0.000000,0.000000,0.000000,0.000000,0.000000,0.000000
2.853460,0.000000,0.000000,0.000000,0.000000,0.000000,0.000000
2.861814,0.000000,0.000000,0.000000,0.000000,0.000000,0.000000
2.870041,0.000000,0.000000,0.000000,0.000000,0.000000,0.000000
2.878315,0.000000,0.000000,0.000000,0.000000,0.000000,0.000000
2.886700,0.000000,0.000000,0.000000,0.000000,0.000000,0.000000
2.895334,0.000000,0.000000,0.000000,0.000000,0.000000,0.000000
2.903702,0.000000,0.000000,0.000000,0.000000,0.000000,0.000000
2.912091,0.000000,0.000000,0.000000,0.000000,0.000000,0.000000
2.920571,0.000000,0.000000,0.000000,0.000000,0.000000,0.000000
2.928870,0.000000,0.000000,0.000000,0.000000,0.000000,0.000000
2.937111,0.000000,0.000000,0.000000,0.000000,0.000000,0.000000
2.945790,0.000000,0.000000,0.000000,0.000000,0.000000,0.000000
2.954098,0.000000,0.000000,0.000000,0.000000,0.000000,0.000000
2.962523,0.000000,0.000000,0.000000,0.000000,0.000000,0.000000
2.970829,0.000000,0.000000,0.000000,0.000000,0.000000,0.000000
2.979090,0.000000,0.000000,0.000000,0.000000,0.000000,0.000000
2.987443,0.000000,0.000000,0.000000,0.000000,0.000000,0.000000
2.996520,0.000000,0.000000,0.000000,0.000000,0.000000,0.000000
3.005056,0.000000,0.000000,0.000000,0.000000,0.000000,0.000000
3.013351,0.000000,0.000000,0.000000,0.000000,0.000000,0.000000
3.021607,0.000000,0.000000,0.000000,0.000000,0.000000,0.000000
3.029867,0.000000,0.000000,0.000000,0.000000,0.000000,0.000000
3.038028,0.000000,0.000000,0.000000,0.000000,0.000000,0.000000
3.046606,0.000000,0.000000,0.000000,0.000000,0.000000,0.000000
3.055001,0.000000,0.000000,0.000000,0.000000,0.000000,0.000000
3.064718,0.000000,0.000000,0.000000,0.000000,0.000000,0.000000
3.073600,0.000000,0.000000,0.000000,0.000000,0.000000,0.000000
3.082736,0.000000,0.000000,0.000000,0.000000,0.000000,0.000000
3.091080,0.000000,0.000000,0.000000,0.000000,0.000000,0.000000
3.099481,0.000000,0.000000,0.000000,0.000000,0.000000,0.000000
3.107875,0.000000,0.000000,0.000000,0.000000,0.000000,0.000000
3.116071,0.000000,0.000000,0.000000,0.000000,0.000000,0.000000
3.124272,0.000000,0.000000,0.000000,0.000000,0.000000,0.000000
3.132522,0.000000,0.000000,0.000000,0.000000,0.000000,0.000000
3.140725,0.000000,0.000000,0.000000,0.000000,0.000000,0.000000
3.149557,0.000000,0.000000,0.000000,0.000000,0.000000,0.000000
3.157843,0.000000,0.000000,0.000000,0.000000,0.000000,0.000000
3.166120,0.000000,0.000000,0.000000,0.000000,0.000000,0.000000
3.174467,0.000000,0.000000,0.000000,0.000000,0.000000,0.000000
3.182689,0.000000,0.000000,0.000000,0.000000,0.000000,0.000000
3.191031,0.000000,0.000000,0.000000,0.000000,0.000000,0.000000
3.199467,0.000000,0.000000,0.000000,0.000000,0.000000,0.000000
3.207804,0.000000,0.000000,0.000000,0.000000,0.000000,0.000000
3.216105,0.000000,0.000000,0.000000,0.000000,0.000000,0.000000
3.224266,0.000000,0.000000,0.000000,0.000000,0.000000,0.000000
3.232532,0.000000,0.000000,0.000000,0.000000,0.000000,0.000000
3.240747,0.000000,0.000000,0.000000,0.000000,0.000000,0.000000
3.249149,0.000000,0.000000,0.000000,0.000000,0.000000,0.000000
3.257436,0.000000,0.000000,0.000000,0.000000,0.000000,0.000000
3.265637,0.000000,0.000000,0.000000,0.000000,0.000000,0.000000
3.274009,0.000000,0.000000,0.000000,0.000000,0.000000,0.000000
3.282219,0.000000,0.000000,0.000000,0.000000,0.000000,0.000000
3.290543,0.000000,0.000000,0.000000,0.000000,0.000000,0.000000
3.299011,0.000000,0.000000,0.000000,0.000000,0.000000,0.000000
3.307357,0.000000,0.000000,0.000000,0.000000,0.000000,0.000000
3.315665,0.000000,0.000000,0.000000,0.000000,0.000000,0.000000
3.323837,0.000000,0.000000,0.000000,0.000000,0.000000,0.000000
3.332060,0.000000,0.000000,0.000000,0.000000,0.000000,0.000000
3.340285,0.000000,0.000000,0.000000,0.000000,0.000000,0.000000
3.348548,0.000000,0.000000,0.000000,0.000000,0.000000,0.000000
3.356860,0.000000,0.000000,0.000000,0.000000,0.000000,0.000000
3.365014,0.000000,0.000000,0.000000,0.000000,0.000000,0.000000
3.373235,0.000000,0.000000,0.000000,0.000000,0.000000,0.000000
3.381942,0.000000,0.000000,0.000000,0.000000,0.000000,0.000000
3.390420,0.000000,0.000000,0.000000,0.000000,0.000000,0.000000
3.400153,0.000000,0.000000,0.000000,0.000000,0.000000,0.000000
3.408559,0.000000,0.000000,0.000000,0.000000,0.000000,0.000000
3.416888,0.000000,0.000000,0.000000,0.000000,0.000000,0.000000
3.425114,0.000000,0.000000,0.000000,0.000000,0.000000,0.000000
3.433515,0.000000,0.000000,0.000000,0.000000,0.000000,0.000000
3.441897,0.000000,0.000000,0.000000,0.000000,0.000000,0.000000
3.450445,0.000000,0.000000,0.000000,0.000000,0.000000,0.000000
3.458806,0.000000,0.000000,0.000000,0.000000,0.000000,0.000000
3.466994,0.000000,0.000000,0.000000,0.000000,0.000000,0.000000
3.475293,0.000000,0.000000,0.000000,0.000000,0.000000,0.000000
3.483522,0.000000,0.000000,0.000000,0.000000,0.000000,0.000000
3.491802,0.000000,0.000000,0.000000,0.000000,0.000000,0.000000
3.500264,0.000000,0.000000,0.000000,0.000000,0.000000,0.000000
3.508595,0.000000,0.000000,0.000000,0.000000,0.000000,0.000000
3.516907,0.000000,0.000000,0.000000,0.000000,0.000000,0.000000
3.525136,0.000000,0.000000,0.000000,0.000000,0.000000,0.000000
3.533373,0.000000,0.000000,0.000000,0.000000,0.000000,0.000000
3.541685,0.000000,0.000000,0.000000,0.000000,0.000000,0.000000
3.549985,0.000000,0.000000,0.000000,0.000000,0.000000,0.000000
3.558444,0.000000,0.000000,0.000000,0.000000,0.000000,0.000000
3.566772,0.000000,0.000000,0.000000,0.000000,0.000000,0.000000
3.575022,0.000000,0.000000,0.000000,0.000000,0.000000,0.000000
3.583295,0.000000,0.000000,0.000000,0.000000,0.000000,0.000000
3.591567,0.000000,0.000000,0.000000,0.000000,0.000000,0.000000
3.600189,0.000000,0.000000,0.000000,0.000000,0.000000,0.000000
3.608628,0.000000,0.000000,0.000000,0.000000,0.000000,0.000000
3.616876,0.000000,0.000000,0.000000,0.000000,0.000000,0.000000
3.625164,0.000000,0.000000,0.000000,0.000000,0.000000,0.000000
3.633334,0.000000,0.000000,0.000000,0.000000,0.000000,0.000000
3.641676,0.000000,0.000000,0.000000,0.000000,0.000000,0.000000
3.649950,0.000000,0.000000,0.000000,0.000000,0.000000,0.000000
3.658471,0.000000,0.000000,0.000000,0.000000,0.000000,0.000000
3.666753,0.000000,0.000000,0.000000,0.000000,0.000000,0.000000
3.674968,0.000000,0.000000,0.000000,0.000000,0.000000,0.000000
3.683272,0.000000,0.000000,0.000000,0.000000,0.000000,0.000000
3.691598,0.000000,0.000000,0.000000,0.000000,0.000000,0.000000
3.699972,0.000000,0.000000,0.000000,0.000000,0.000000,0.000000
3.708356,0.000000,0.000000,0.000000,0.000000,0.000000,0.000000
3.716571,0.000000,0.000000,0.000000,0.000000,0.000000,0.000000
3.724990,0.000000,0.000000,0.000000,0.000000,0.000000,0.000000
3.733168,0.000000,0.000000,0.000000,0.000000,0.000000,0.000000
3.741417,0.000000,0.000000,0.000000,0.000000,0.000000,0.000000
3.749719,0.000000,0.000000,0.000000,0.000000,0.000000,0.000000
3.758218,0.000000,0.000000,0.000000,0.000000,0.000000,0.000000
3.766596,0.000000,0.000000,0.000000,0.000000,0.000000,0.000000
3.774816,0.000000,0.000000,0.000000,0.000000,0.000000,0.000000
3.783178,0.000000,0.000000,0.000000,0.000000,0.000000,0.000000
3.791467,0.000000,0.000000,0.000000,0.000000,0.000000,0.000000
3.800566,0.000000,0.000000,0.000000,0.000000,0.000000,0.000000
3.809220,0.000000,0.000000,0.000000,0.000000,0.000000,0.000000
3.817424,0.000000,0.000000,0.000000,0.000000,0.000000,0.000000
3.825761,0.000000,0.000000,0.000000,0.000000,0.000000,0.000000
3.833988,0.000000,0.000000,0.000000,0.000000,0.000000,0.000000
3.842299,0.000000,0.000000,0.000000,0.000000,0.000000,0.000000
3.850607,0.000000,0.000000,0.000000,0.000000,0.000000,0.000000
3.859120,0.000000,0.000000,0.000000,0.000000,0.000000,0.000000
3.867447,0.000000,0.000000,0.000000,0.000000,0.000000,0.000000
3.875796,0.000000,0.000000,0.000000,0.000000,0.000000,0.000000
3.884109,0.000000,0.000000,0.000000,0.000000,0.000000,0.000000
3.892408,0.000000,0.000000,0.000000,0.000000,0.000000,0.000000
3.900607,0.000000,0.000000,0.000000,0.000000,0.000000,0.000000
3.909106,0.000000,0.000000,0.000000,0.000000,0.000000,0.000000
3.917364,0.000000,0.000000,0.000000,0.000000,0.000000,0.000000
3.925736,0.000000,0.000000,0.000000,0.000000,0.000000,0.000000
3.934065,0.000000,0.000000,0.000000,0.000000,0.000000,0.000000
3.942322,0.000000,0.000000,0.000000,0.000000,0.000000,0.000000
3.950625,0.000000,0.000000,0.000000,0.000000,0.000000,0.000000
3.959018,0.000000,0.000000,0.000000,0.000000,0.000000,0.000000
3.967345,0.000000,0.000000,0.000000,0.000000,0.000000,0.000000
3.977154,0.000000,0.000000,0.000000,0.000000,0.000000,0.000000
3.988109,0.000000,0.000000,0.000000,0.000000,0.000000,0.000000
3.996494,0.000000,0.000000,0.000000,0.000000,0.000000,0.000000
4.005746,0.000000,0.000000,0.000000,0.000000,0.000000,0.000000
4.014129,0.000000,0.000000,0.000000,0.000000,0.000000,0.000000
4.022355,0.000000,0.000000,0.000000,0.000000,0.000000,0.000000
4.030622,0.000000,0.000000,0.000000,0.000000,0.000000,0.000000
4.038884,0.000000,0.000000,0.000000,0.000000,0.000000,0.000000
4.047148,0.000000,0.000000,0.000000,0.000000,0.000000,0.000000
4.056561,0.000000,0.000000,0.000000,0.000000,0.000000,0.000000
4.065616,0.000000,0.000000,0.000000,0.000000,0.000000,0.000000
4.073995,0.000000,0.000000,0.000000,0.000000,0.000000,0.000000
4.082321,0.000000,0.000000,0.000000,0.000000,0.000000,0.000000
4.090703,0.000000,0.000000,0.000000,0.000000,0.000000,0.000000
4.099022,0.000000,0.000000,0.000000,0.000000,0.000000,0.000000
4.107772,0.000000,0.000000,0.000000,0.000000,0.000000,0.000000
4.116140,0.000000,0.000000,0.000000,0.000000,0.000000,0.000000
4.124354,0.000000,0.000000,0.000000,0.000000,0.000000,0.000000
4.133076,0.000000,0.000000,0.000000,0.000000,0.000000,0.000000
4.141440,0.000000,0.000000,0.000000,0.000000,0.000000,0.000000
4.149904,0.000000,0.000000,0.000000,0.000000,0.000000,0.000000
4.158974,0.000000,0.000000,0.000000,0.000000,0.000000,0.000000
4.167325,0.000000,0.000000,0.000000,0.000000,0.000000,0.000000
4.176348,0.000000,0.000000,0.000000,0.000000,0.000000,0.000000
4.184658,0.000000,0.000000,0.000000,0.000000,0.000000,0.000000
4.193115,0.000000,0.000000,0.000000,0.000000,0.000000,0.000000
4.200682,0.000000,0.000000,0.000000,0.000000,0.000000,0.000000
4.208956,0.000000,0.000000,0.000000,0.000000,0.000000,0.000000
4.216540,0.000000,0.000000,0.000000,0.000000,0.000000,0.000000
4.223982,0.000000,0.000000,0.000000,0.000000,0.000000,0.000000
4.231428,0.000000,0.000000,0.000000,0.000000,0.000000,0.000000
4.238917,0.000000,0.000000,0.000000,0.000000,0.000000,0.000000
4.246549,0.000000,0.000000,0.000000,0.000000,0.000000,0.000000
4.254133,0.000000,0.000000,0.000000,0.000000,0.000000,0.000000
4.261943,0.000000,0.000000,0.000000,0.000000,0.000000,0.000000
4.269477,0.000000,0.000000,0.000000,0.000000,0.000000,0.000000
4.277038,0.000000,0.000000,0.000000,0.000000,0.000000,0.000000
4.286337,0.000000,0.000000,0.000000,0.000000,0.000000,0.000000
4.294640,0.000000,0.000000,0.000000,0.000000,0.000000,0.000000
4.303015,0.000000,0.000000,0.000000,0.000000,0.000000,0.000000
4.312118,0.000000,0.000000,0.000000,0.000000,0.000000,0.000000
4.320502,0.000000,0.000000,0.000000,0.000000,0.000000,0.000000
4.328725,0.000000,0.000000,0.000000,0.000000,0.000000,0.000000
4.337718,0.000000,0.000000,0.000000,0.000000,0.000000,0.000000
4.345988,0.000000,0.000000,0.000000,0.000000,0.000000,0.000000
4.354340,0.000000,0.000000,0.000000,0.000000,0.000000,0.000000
4.363267,0.000000,0.000000,0.000000,0.000000,0.000000,0.000000
4.371603,0.000000,0.000000,0.000000,0.000000,0.000000,0.000000
4.379986,0.000000,0.000000,0.000000,0.000000,0.000000,0.000000
4.388365,0.000000,0.000000,0.000000,0.000000,0.000000,0.000000
4.397330,0.000000,0.000000,0.000000,0.000000,0.000000,0.000000
4.404905,0.000000,0.000000,0.000000,0.000000,0.000000,0.000000
4.413069,0.000000,0.000000,0.000000,0.000000,0.000000,0.000000
4.421395,0.000000,0.000000,0.000000,0.000000,0.000000,0.000000
4.428868,0.000000,0.000000,0.000000,0.000000,0.000000,0.000000
4.436348,0.000000,0.000000,0.000000,0.000000,0.000000,0.000000
4.443923,0.000000,0.000000,0.000000,0.000000,0.000000,0.000000
4.451352,0.000000,0.000000,0.000000,0.000000,0.000000,0.000000
4.459008,0.000000,0.000000,0.000000,0.000000,0.000000,0.000000
4.466655,0.000000,0.000000,0.000000,0.000000,0.000000,0.000000
4.474099,0.000000,0.000000,0.000000,0.000000,0.000000,0.000000
4.481632,0.000000,0.000000,0.000000,0.000000,0.000000,0.000000
4.489153,0.000000,0.000000,0.000000,0.000000,0.000000,0.000000
4.496787,0.000000,0.000000,0.000000,0.000000,0.000000,0.000000
4.505139,0.000000,0.000000,0.000000,0.000000,0.000000,0.000000
4.513560,0.000000,0.000000,0.000000,0.000000,0.000000,0.000000
4.522026,0.000000,0.000000,0.000000,0.000000,0.000000,0.000000
4.530239,0.000000,0.000000,0.000000,0.000000,0.000000,0.000000
4.538433,0.000000,0.000000,0.000000,0.000000,0.000000,0.000000
4.546706,0.000000,0.000000,0.000000,0.000000,0.000000,0.000000
4.554881,0.000000,0.000000,0.000000,0.000000,0.000000,0.000000
4.563273,0.000000,0.000000,0.000000,0.000000,0.000000,0.000000
4.571615,0.000000,0.000000,0.000000,0.000000,0.000000,0.000000
4.579832,0.000000,0.000000,0.000000,0.000000,0.000000,0.000000
4.588096,0.000000,0.000000,0.000000,0.000000,0.000000,0.000000
4.596884,0.000000,0.000000,0.000000,0.000000,0.000000,0.000000
4.605189,0.000000,0.000000,0.000000,0.000000,0.000000,0.000000
4.613708,0.000000,0.000000,0.000000,0.000000,0.000000,0.000000
4.622060,0.000000,0.000000,0.000000,0.000000,0.000000,0.000000
4.630346,0.000000,0.000000,0.000000,0.000000,0.000000,0.000000
4.638681,0.000000,0.000000,0.000000,0.000000,0.000000,0.000000
4.647064,0.000000,0.000000,0.000000,0.000000,0.000000,0.000000
4.655254,0.000000,0.000000,0.000000,0.000000,0.000000,0.000000
4.664089,0.000000,0.000000,0.000000,0.000000,0.000000,0.000000
4.672414,0.000000,0.000000,0.000000,0.000000,0.000000,0.000000
4.680604,0.000000,0.000000,0.000000,0.000000,0.000000,0.000000
4.688926,0.000000,0.000000,0.000000,0.000000,0.000000,0.000000
4.697134,0.000000,0.000000,0.000000,0.000000,0.000000,0.000000
4.705381,0.000000,0.000000,0.000000,0.000000,0.000000,0.000000
4.713872,0.000000,0.000000,0.000000,0.000000,0.000000,0.000000
4.722220,0.000000,0.000000,0.000000,0.000000,0.000000,0.000000
4.730525,0.000000,0.000000,0.000000,0.000000,0.000000,0.000000
4.738701,0.000000,0.000000,0.000000,0.000000,0.000000,0.000000
4.746970,0.000000,0.000000,0.000000,0.000000,0.000000,0.000000
4.755179,0.000000,0.000000,0.000000,0.000000,0.000000,0.000000
4.763491,0.000000,0.000000,0.000000,0.000000,0.000000,0.000000
4.771885,0.000000,0.000000,0.000000,0.000000,0.000000,0.000000
4.780066,0.000000,0.000000,0.000000,0.000000,0.000000,0.000000
4.788318,0.000000,0.000000,0.000000,0.000000,0.000000,0.000000
4.796556,0.000000,0.000000,0.000000,0.000000,0.000000,0.000000
4.804755,0.000000,0.000000,0.000000,0.000000,0.000000,0.000000
4.813519,0.000000,0.000000,0.000000,0.000000,0.000000,0.000000
4.821892,0.000000,0.000000,0.000000,0.000000,0.000000,0.000000
4.830193,0.000000,0.000000,0.000000,0.000000,0.000000,0.000000
4.838389,0.000000,0.000000,0.000000,0.000000,0.000000,0.000000
4.846603,0.000000,0.000000,0.000000,0.000000,0.000000,0.000000
4.854835,0.000000,0.000000,0.000000,0.000000,0.000000,0.000000
4.863141,0.000000,0.000000,0.000000,0.000000,0.000000,0.000000
4.871620,0.000000,0.000000,0.000000,0.000000,0.000000,0.000000
4.880821,0.000000,0.000000,0.000000,0.000000,0.000000,0.000000
4.891165,0.000000,0.000000,0.000000,0.000000,0.000000,0.000000
4.899808,0.000000,0.000000,0.000000,0.000000,0.000000,0.000000
4.908111,0.000000,0.000000,0.000000,0.000000,0.000000,0.000000
4.916637,0.000000,0.000000,0.000000,0.000000,0.000000,0.000000
4.924968,0.000000,0.000000,0.000000,0.000000,0.000000,0.000000
4.933320,0.000000,0.000000,0.000000,0.000000,0.000000,0.000000
4.941696,0.000000,0.000000,0.000000,0.000000,0.000000,0.000000
4.949976,0.000000,0.000000,0.000000,0.000000,0.000000,0.000000
4.958308,0.000000,0.000000,0.000000,0.000000,0.000000,0.000000
4.967467,0.000000,0.000000,0.000000,0.000000,0.000000,0.000000
4.975867,0.000000,0.000000,0.000000,0.000000,0.000000,0.000000
4.984161,0.000000,0.000000,0.000000,0.000000,0.000000,0.000000
4.992610,0.000000,0.000000,0.000000,0.000000,0.000000,0.000000
5.001279,0.000000,0.000000,0.000000,0.000000,0.000000,0.000000
5.008790,0.000000,0.000000,0.000000,0.000000,0.000000,0.000000
5.017108,0.000000,0.000000,0.000000,0.000000,0.000000,0.000000
5.024661,0.000000,0.000000,0.000000,0.000000,0.000000,0.000000
5.032645,0.000000,0.000000,0.000000,0.000000,0.000000,0.000000
5.040157,0.000000,0.000000,0.000000,0.000000,0.000000,0.000000
5.047641,0.000000,0.000000,0.000000,0.000000,0.000000,0.000000
5.055276,0.000000,0.000000,0.000000,0.000000,0.000000,0.000000
5.064103,0.000000,0.000000,0.000000,0.000000,0.000000,0.000000
5.072753,0.000000,0.000000,0.000000,0.000000,0.000000,0.000000
5.080287,0.000000,0.000000,0.000000,0.000000,0.000000,0.000000
5.087844,0.000000,0.000000,0.000000,0.000000,0.000000,0.000000
5.095465,0.000000,0.000000,0.000000,0.000000,0.000000,0.000000
5.103591,0.000000,0.000000,0.000000,0.000000,0.000000,0.000000
5.111880,0.000000,0.000000,0.000000,0.000000,0.000000,0.000000
5.120416,0.000000,0.000000,0.000000,0.000000,0.000000,0.000000
5.128721,0.000000,0.000000,0.000000,0.000000,0.000000,0.000000
5.137018,0.000000,0.000000,0.000000,0.000000,0.000000,0.000000
5.145301,0.000000,0.000000,0.000000,0.000000,0.000000,0.000000
5.153572,0.000000,0.000000,0.000000,0.000000,0.000000,0.000000
5.161906,0.000000,0.000000,0.000000,0.000000,0.000000,0.000000
5.170266,0.000000,0.000000,0.000000,0.000000,0.000000,0.000000
5.178973,0.000000,0.000000,0.000000,0.000000,0.000000,0.000000
5.189524,0.000000,0.000000,0.000000,0.000000,0.000000,0.000000
5.198016,0.000000,0.000000,0.000000,0.000000,0.000000,0.000000
5.206331,0.000000,0.000000,0.000000,0.000000,0.000000,0.000000
5.215766,0.000000,0.000000,0.000000,0.000000,0.000000,0.000000
5.224207,0.000000,0.000000,0.000000,0.000000,0.000000,0.000000
5.232408,0.000000,0.000000,0.000000,0.000000,0.000000,0.000000
5.240728,0.000000,0.000000,0.000000,0.000000,0.000000,0.000000
5.248962,0.000000,0.000000,0.000000,0.000000,0.000000,0.000000
5.257207,0.000000,0.000000,0.000000,0.000000,0.000000,0.000000
5.266346,0.000000,0.000000,0.000000,0.000000,0.000000,0.000000
5.275088,0.000000,0.000000,0.000000,0.000000,0.000000,0.000000
5.283441,0.000000,0.000000,0.000000,0.000000,0.000000,0.000000
5.291695,0.000000,0.000000,0.000000,0.000000,0.000000,0.000000
5.299972,0.000000,0.000000,0.000000,0.000000,0.000000,0.000000
5.307504,0.000000,0.000000,0.000000,0.000000,0.000000,0.000000
5.314967,0.000000,0.000000,0.000000,0.000000,0.000000,0.000000
5.322603,0.000000,0.000000,0.000000,0.000000,0.000000,0.000000
5.330117,0.000000,0.000000,0.000000,0.000000,0.000000,0.000000
5.338254,0.000000,0.000000,0.000000,0.000000,0.000000,0.000000
5.345826,0.000000,0.000000,0.000000,0.000000,0.000000,0.000000
5.353251,0.000000,0.000000,0.000000,0.000000,0.000000,0.000000
5.360794,0.000000,0.000000,0.000000,0.000000,0.000000,0.000000
5.369136,0.000000,0.000000,0.000000,0.000000,0.000000,0.000000
5.376733,0.000000,0.000000,0.000000,0.000000,0.000000,0.000000
5.384929,0.000000,0.000000,0.000000,0.000000,0.000000,0.000000
5.392939,0.000000,0.000000,0.000000,0.000000,0.000000,0.000000
5.400508,0.000000,0.000000,0.000000,0.000000,0.000000,0.000000
5.408067,0.000000,0.000000,0.000000,0.000000,0.000000,0.000000
5.415526,0.000000,0.000000,0.000000,0.000000,0.000000,0.000000
5.423980,0.000000,0.000000,0.000000,0.000000,0.000000,0.000000
5.431495,0.000000,0.000000,0.000000,0.000000,0.000000,0.000000
5.439065,0.000000,0.000000,0.000000,0.000000,0.000000,0.000000
5.446662,0.000000,0.000000,0.000000,0.000000,0.000000,0.000000
5.454098,0.000000,0.000000,0.000000,0.000000,0.000000,0.000000
5.461585,0.000000,0.000000,0.000000,0.000000,0.000000,0.000000
5.470151,0.000000,0.000000,0.000000,0.000000,0.000000,0.000000
5.477728,0.000000,0.000000,0.000000,0.000000,0.000000,0.000000
5.485524,0.000000,0.000000,0.000000,0.000000,0.000000,0.000000
5.493047,0.000000,0.000000,0.000000,0.000000,0.000000,0.000000
5.500538,0.000000,0.000000,0.000000,0.000000,0.000000,0.000000
5.508126,0.000000,0.000000,0.000000,0.000000,0.000000,0.000000
5.515655,0.000000,0.000000,0.000000,0.000000,0.000000,0.000000
5.524670,0.000000,0.000000,0.000000,0.000000,0.000000,0.000000
5.532209,0.000000,0.000000,0.000000,0.000000,0.000000,0.000000
5.539642,0.000000,0.000000,0.000000,0.000000,0.000000,0.000000
5.547244,0.000000,0.000000,0.000000,0.000000,0.000000,0.000000
5.554766,0.000000,0.000000,0.000000,0.000000,0.000000,0.000000
5.562207,0.000000,0.000000,0.000000,0.000000,0.000000,0.000000
5.569844,0.000000,0.000000,0.000000,0.000000,0.000000,0.000000
5.577478,0.000000,0.000000,0.000000,0.000000,0.000000,0.000000
5.585006,0.000000,0.000000,0.000000,0.000000,0.000000,0.000000
5.592583,0.000000,0.000000,0.000000,0.000000,0.000000,0.000000
5.600012,0.000000,0.000000,0.000000,0.000000,0.000000,0.000000
5.608155,0.000000,0.000000,0.000000,0.000000,0.000000,0.000000
5.615642,0.000000,0.000000,0.000000,0.000000,0.000000,0.000000
5.623683,0.000000,0.000000,0.000000,0.000000,0.000000,0.000000
5.631321,0.000000,0.000000,0.000000,0.000000,0.000000,0.000000
5.638768,0.000000,0.000000,0.000000,0.000000,0.000000,0.000000
5.646269,0.000000,0.000000,0.000000,0.000000,0.000000,0.000000
6.692605,0.000000,0.000000,0.000000,0.000000,0.000000,0.000000
6.703339,0.000000,0.000000,0.000000,0.000000,0.000000,0.000000
6.713927,0.000000,0.000000,0.000000,0.000000,0.000000,0.000000
6.724160,0.000000,0.000000,0.000000,0.000000,0.000000,0.000000
6.732511,0.000000,0.000000,0.000000,0.000000,0.000000,0.000000
6.740915,0.000000,0.000000,0.000000,0.000000,0.000000,0.000000
6.749182,0.000000,0.000000,0.000000,0.000000,0.000000,0.000000
6.757608,0.000000,0.000000,0.000000,0.000000,0.000000,0.000000
6.765863,0.000000,0.000000,0.000000,0.000000,0.000000,0.000000
6.774118,0.000000,0.000000,0.000000,0.000000,0.000000,0.000000
6.782497,0.000000,0.000000,0.000000,0.000000,0.000000,0.000000
6.791227,0.000000,0.000000,0.000000,0.000000,0.000000,0.000000
6.799577,0.000000,0.000000,0.000000,0.000000,0.000000,0.000000
6.807821,0.000000,0.000000,0.000000,0.000000,0.000000,0.000000
6.816696,0.000000,0.000000,0.000000,0.000000,0.000000,0.000000
6.824961,0.000000,0.000000,0.000000,0.000000,0.000000,0.000000
6.833270,0.000000,0.000000,0.000000,0.000000,0.000000,0.000000
6.841739,0.000000,0.000000,0.000000,0.000000,0.000000,0.000000
6.850022,0.000000,0.000000,0.000000,0.000000,0.000000,0.000000
6.858487,0.000000,0.000000,0.000000,0.000000,0.000000,0.000000
6.866694,0.000000,0.000000,0.000000,0.000000,0.000000,0.000000
6.874948,0.000000,0.000000,0.000000,0.000000,0.000000,0.000000
6.883322,0.000000,0.000000,0.000000,0.000000,0.000000,0.000000
6.891988,0.000000,0.000000,0.000000,0.000000,0.000000,0.000000
6.900389,0.000000,0.000000,0.000000,0.000000,0.000000,0.000000
6.908615,0.000000,0.000000,0.000000,0.000000,0.000000,0.000000
6.916878,0.000000,0.000000,0.000000,0.000000,0.000000,0.000000
6.925262,0.000000,0.000000,0.000000,0.000000,0.000000,0.000000
6.933683,0.000000,0.000000,0.000000,0.000000,0.000000,0.000000
6.942330,0.000000,0.000000,0.000000,0.000000,0.000000,0.000000
6.950698,0.000000,0.000000,0.000000,0.000000,0.000000,0.000000
6.959013,0.000000,0.000000,0.000000,0.000000,0.000000,0.000000
6.967264,0.000000,0.000000,0.000000,0.000000,0.000000,0.000000
6.975490,0.000000,0.000000,0.000000,0.000000,0.000000,0.000000
6.984255,0.000000,0.000000,0.000000,0.000000,0.000000,0.000000
6.993358,0.000000,0.000000,0.000000,0.000000,0.000000,0.000000
7.001748,0.000000,0.000000,0.000000,0.000000,0.000000,0.000000
7.010265,0.000000,0.000000,0.000000,0.000000,0.000000,0.000000
7.018572,0.000000,0.000000,0.000000,0.000000,0.000000,0.000000
7.027151,0.000000,0.000000,0.000000,0.000000,0.000000,0.000000
7.036424,0.000000,0.000000,0.000000,0.000000,0.000000,0.000000
7.045821,0.000000,0.000000,0.000000,0.000000,0.000000,0.000000
7.056768,0.000000,0.000000,0.000000,0.000000,0.000000,0.000000
7.066508,0.000000,0.000000,0.000000,0.000000,0.000000,0.000000
7.075696,0.000000,0.000000,0.000000,0.000000,0.000000,0.000000
7.084982,0.000000,0.000000,0.000000,0.000000,0.000000,0.000000
7.094481,0.000000,0.000000,0.000000,0.000000,0.000000,0.000000
7.103841,0.000000,0.000000,0.000000,0.000000,0.000000,0.000000
7.113010,0.000000,0.000000,0.000000,0.000000,0.000000,0.000000
7.122375,0.000000,0.000000,0.000000,0.000000,0.000000,0.000000
7.130901,0.000000,0.000000,0.000000,0.000000,0.000000,0.000000
7.139315,0.000000,0.000000,0.000000,0.000000,0.000000,0.000000
7.147803,0.000000,0.000000,0.000000,0.000000,0.000000,0.000000
7.156056,0.000000,0.000000,0.000000,0.000000,0.000000,0.000000
7.164438,0.000000,0.000000,0.000000,0.000000,0.000000,0.000000
7.172674,0.000000,0.000000,0.000000,0.000000,0.000000,0.000000
7.180921,0.000000,0.000000,0.000000,0.000000,0.000000,0.000000
7.189318,0.000000,0.000000,0.000000,0.000000,0.000000,0.000000
7.197696,0.000000,0.000000,0.000000,0.000000,0.000000,0.000000
7.205983,0.000000,0.000000,0.000000,0.000000,0.000000,0.000000
7.214150,0.000000,0.000000,0.000000,0.000000,0.000000,0.000000
7.222407,0.000000,0.000000,0.000000,0.000000,0.000000,0.000000
7.231254,0.000000,0.000000,0.000000,0.000000,0.000000,0.000000
7.239552,0.000000,0.000000,0.000000,0.000000,0.000000,0.000000
7.247874,0.000000,0.000000,0.000000,0.000000,0.000000,0.000000
7.256079,0.000000,0.000000,0.000000,0.000000,0.000000,0.000000
7.264326,0.000000,0.000000,0.000000,0.000000,0.000000,0.000000
7.272563,0.000000,0.000000,0.000000,0.000000,0.000000,0.000000
7.280753,0.000000,0.000000,0.000000,0.000000,0.000000,0.000000
7.289141,0.000000,0.000000,0.000000,0.000000,0.000000,0.000000
7.297526,0.000000,0.000000,0.000000,0.000000,0.000000,0.000000
7.305812,0.000000,0.000000,0.000000,0.000000,0.000000,0.000000
7.314026,0.000000,0.000000,0.000000,0.000000,0.000000,0.000000
7.322218,0.000000,0.000000,0.000000,0.000000,0.000000,0.000000
7.330491,0.000000,0.000000,0.000000,0.000000,0.000000,0.000000
7.338709,0.000000,0.000000,0.000000,0.000000,0.000000,0.000000
7.347113,0.000000,0.000000,0.000000,0.000000,0.000000,0.000000
7.355320,0.000000,0.000000,0.000000,0.000000,0.000000,0.000000
7.363508,0.000000,0.000000,0.000000,0.000000,0.000000,0.000000
7.371809,0.000000,0.000000,0.000000,0.000000,0.000000,0.000000
7.379970,0.000000,0.000000,0.000000,0.000000,0.000000,0.000000
7.388262,0.000000,0.000000,0.000000,0.000000,0.000000,0.000000
7.396661,0.000000,0.000000,0.000000,0.000000,0.000000,0.000000
7.404983,0.000000,0.000000,0.000000,0.000000,0.000000,0.000000
7.413201,0.000000,0.000000,0.000000,0.000000,0.000000,0.000000
7.421403,0.000000,0.000000,0.000000,0.000000,0.000000,0.000000
7.429765,0.000000,0.000000,0.000000,0.000000,0.000000,0.000000
7.438051,0.000000,0.000000,0.000000,0.000000,0.000000,0.000000
7.446576,0.000000,0.000000,0.000000,0.000000,0.000000,0.000000
7.454835,0.000000,0.000000,0.000000,0.000000,0.000000,0.000000
7.463049,0.000000,0.000000,0.000000,0.000000,0.000000,0.000000
7.471343,0.000000,0.000000,0.000000,0.000000,0.000000,0.000000
7.479571,0.000000,0.000000,0.000000,0.000000,0.000000,0.000000
7.487896,0.000000,0.000000,0.000000,0.000000,0.000000,0.000000
7.496403,0.000000,0.000000,0.000000,0.000000,0.000000,0.000000
7.504727,0.000000,0.000000,0.000000,0.000000,0.000000,0.000000
7.512981,0.000000,0.000000,0.000000,0.000000,0.000000,0.000000
7.521185,0.000000,0.000000,0.000000,0.000000,0.000000,0.000000
7.529450,0.000000,0.000000,0.000000,0.000000,0.000000,0.000000
7.537690,0.000000,0.000000,0.000000,0.000000,0.000000,0.000000
7.546101,0.000000,0.000000,0.000000,0.000000,0.000000,0.000000
7.554389,0.000000,0.000000,0.000000,0.000000,0.000000,0.000000
7.562560,0.000000,0.000000,0.000000,0.000000,0.000000,0.000000
7.570801,0.000000,0.000000,0.000000,0.000000,0.000000,0.000000
7.579603,0.000000,0.000000,0.000000,0.000000,0.000000,0.000000
7.588902,0.000000,0.000000,0.000000,0.000000,0.000000,0.000000
7.597638,0.000000,0.000000,0.000000,0.000000,0.000000,0.000000
7.605973,0.000000,0.000000,0.000000,0.000000,0.000000,0.000000
7.614337,0.000000,0.000000,0.000000,0.000000,0.000000,0.000000
7.622554,0.000000,0.000000,0.000000,0.000000,0.000000,0.000000
7.631508,0.000000,0.000000,0.000000,0.000000,0.000000,0.000000
7.639832,0.000000,0.000000,0.000000,0.000000,0.000000,0.000000
7.648873,0.000000,0.000000,0.000000,0.000000,0.000000,0.000000
7.657209,0.000000,0.000000,0.000000,0.000000,0.000000,0.000000
7.665440,0.000000,0.000000,0.000000,0.000000,0.000000,0.000000
7.673816,0.000000,0.000000,0.000000,0.000000,0.000000,0.000000
7.682042,0.000000,0.000000,0.000000,0.000000,0.000000,0.000000
7.690353,0.000000,0.000000,0.000000,0.000000,0.000000,0.000000
7.699272,0.000000,0.000000,0.000000,0.000000,0.000000,0.000000
7.707620,0.000000,0.000000,0.000000,0.000000,0.000000,0.000000
7.715934,0.000000,0.000000,0.000000,0.000000,0.000000,0.000000
7.724109,0.000000,0.000000,0.000000,0.000000,0.000000,0.000000
7.732422,0.000000,0.000000,0.000000,0.000000,0.000000,0.000000
7.740683,0.000000,0.000000,0.000000,0.000000,0.000000,0.000000
7.749707,0.000000,0.000000,0.000000,0.000000,0.000000,0.000000
7.758228,0.000000,0.000000,0.000000,0.000000,0.000000,0.000000
7.766478,0.000000,0.000000,0.000000,0.000000,0.000000,0.000000
7.774765,0.000000,0.000000,0.000000,0.000000,0.000000,0.000000
7.782978,0.000000,0.000000,0.000000,0.000000,0.000000,0.000000
7.791209,0.000000,0.000000,0.000000,0.000000,0.000000,0.000000
7.799718,0.000000,0.000000,0.000000,0.000000,0.000000,0.000000
7.808011,0.000000,0.000000,0.000000,0.000000,0.000000,0.000000
7.816326,0.000000,0.000000,0.000000,0.000000,0.000000,0.000000
7.824582,0.000000,0.000000,0.000000,0.000000,0.000000,0.000000
7.832833,0.000000,0.000000,0.000000,0.000000,0.000000,0.000000
7.841072,0.000000,0.000000,0.000000,0.000000,0.000000,0.000000
7.849660,0.000000,0.000000,0.000000,0.000000,0.000000,0.000000
7.858032,0.000000,0.000000,0.000000,0.000000,0.000000,0.000000
7.866221,0.000000,0.000000,0.000000,0.000000,0.000000,0.000000
7.874565,0.000000,0.000000,0.000000,0.000000,0.000000,0.000000
7.884404,0.000000,0.000000,0.000000,0.000000,0.000000,0.000000
7.893235,0.000000,0.000000,0.000000,0.000000,0.000000,0.000000
7.901833,0.000000,0.000000,0.000000,0.000000,0.000000,0.000000
7.910141,0.000000,0.000000,0.000000,0.000000,0.000000,0.000000
7.918602,0.000000,0.000000,0.000000,0.000000,0.000000,0.000000
7.926889,0.000000,0.000000,0.000000,0.000000,0.000000,0.000000
7.935266,0.000000,0.000000,0.000000,0.000000,0.000000,0.000000
7.943531,0.000000,0.000000,0.000000,0.000000,0.000000,0.000000
7.952108,0.000000,0.000000,0.000000,0.000000,0.000000,0.000000
7.960449,0.000000,0.000000,0.000000,0.000000,0.000000,0.000000
7.968645,0.000000,0.000000,0.000000,0.000000,0.000000,0.000000
7.976891,0.000000,0.000000,0.000000,0.000000,0.000000,0.000000
7.985140,0.000000,0.000000,0.000000,0.000000,0.000000,0.000000
7.993341,0.000000,0.000000,0.000000,0.000000,0.000000,0.000000
8.002268,0.000000,0.000000,0.000000,0.000000,0.000000,0.000000
8.010764,0.000000,0.000000,0.000000,0.000000,0.000000,0.000000
8.019158,0.000000,0.000000,0.000000,0.000000,0.000000,0.000000
8.027432,0.000000,0.000000,0.000000,0.000000,0.000000,0.000000
8.036496,0.000000,0.000000,0.000000,0.000000,0.000000,0.000000
8.044852,0.000000,0.000000,0.000000,0.000000,0.000000,0.000000
8.053284,0.000000,0.000000,0.000000,0.000000,0.000000,0.000000
8.063342,0.000000,0.000000,0.000000,0.000000,0.000000,0.000000
8.072029,0.000000,0.000000,0.000000,0.000000,0.000000,0.000000
8.080661,0.000000,0.000000,0.000000,0.000000,0.000000,0.000000
8.088955,0.000000,0.000000,0.000000,0.000000,0.000000,0.000000
8.097377,0.000000,0.000000,0.000000,0.000000,0.000000,0.000000
8.105792,0.000000,0.000000,0.000000,0.000000,0.000000,0.000000
8.114010,0.000000,0.000000,0.000000,0.000000,0.000000,0.000000
8.122625,0.000000,0.000000,0.000000,0.000000,0.000000,0.000000
8.131222,0.000000,0.000000,0.000000,0.000000,0.000000,0.000000
8.139520,0.000000,0.000000,0.000000,0.000000,0.000000,0.000000
8.147379,0.000000,0.000000,0.000000,0.000000,0.000000,0.000000
8.155205,0.000000,0.000000,0.000000,0.000000,0.000000,0.000000
8.162930,0.000000,0.000000,0.000000,0.000000,0.000000,0.000000
8.170501,0.000000,0.000000,0.000000,0.000000,0.000000,0.000000
8.178200,0.000000,0.000000,0.000000,0.000000,0.000000,0.000000
8.185807,0.000000,0.000000,0.000000,0.000000,0.000000,0.000000
8.193258,0.000000,0.000000,0.000000,0.000000,0.000000,0.000000
8.201068,0.000000,0.000000,0.000000,0.000000,0.000000,0.000000
8.208693,0.000000,0.000000,0.000000,0.000000,0.000000,0.000000
8.216147,0.000000,0.000000,0.000000,0.000000,0.000000,0.000000
8.223679,0.000000,0.000000,0.000000,0.000000,0.000000,0.000000
8.231375,0.000000,0.000000,0.000000,0.000000,0.000000,0.000000
8.239445,0.000000,0.000000,0.000000,0.000000,0.000000,0.000000
8.247887,0.000000,0.000000,0.000000,0.000000,0.000000,0.000000
8.256453,0.000000,0.000000,0.000000,0.000000,0.000000,0.000000
8.264777,0.000000,0.000000,0.000000,0.000000,0.000000,0.000000
8.273018,0.000000,0.000000,0.000000,0.000000,0.000000,0.000000
8.281221,0.000000,0.000000,0.000000,0.000000,0.000000,0.000000
8.289591,0.000000,0.000000,0.000000,0.000000,0.000000,0.000000
8.297781,0.000000,0.000000,0.000000,0.000000,0.000000,0.000000
8.306469,0.000000,0.000000,0.000000,0.000000,0.000000,0.000000
8.314760,0.000000,0.000000,0.000000,0.000000,0.000000,0.000000
8.323176,0.000000,0.000000,0.000000,0.000000,0.000000,0.000000
8.331464,0.000000,0.000000,0.000000,0.000000,0.000000,0.000000
8.339764,0.000000,0.000000,0.000000,0.000000,0.000000,0.000000
8.348180,0.000000,0.000000,0.000000,0.000000,0.000000,0.000000
8.356883,0.000000,0.000000,0.000000,0.000000,0.000000,0.000000
8.365210,0.000000,0.000000,0.000000,0.000000,0.000000,0.000000
8.373462,0.000000,0.000000,0.000000,0.000000,0.000000,0.000000
8.381707,0.000000,0.000000,0.000000,0.000000,0.000000,0.000000
8.390032,0.000000,0.000000,0.000000,0.000000,0.000000,0.000000
8.398233,0.000000,0.000000,0.000000,0.000000,0.000000,0.000000
8.406685,0.000000,0.000000,0.000000,0.000000,0.000000,0.000000
8.414936,0.000000,0.000000,0.000000,0.000000,0.000000,0.000000
8.423212,0.000000,0.000000,0.000000,0.000000,0.000000,0.000000
8.432246,0.000000,0.000000,0.000000,0.000000,0.000000,0.000000
8.440452,0.000000,0.000000,0.000000,0.000000,0.000000,0.000000
8.448718,0.000000,0.000000,0.000000,0.000000,0.000000,0.000000
8.457107,0.000000,0.000000,0.000000,0.000000,0.000000,0.000000
8.465499,0.000000,0.000000,0.000000,0.000000,0.000000,0.000000
8.473805,0.000000,0.000000,0.000000,0.000000,0.000000,0.000000
8.482605,0.000000,0.000000,0.000000,0.000000,0.000000,0.000000
8.491945,0.000000,0.000000,0.000000,0.000000,0.000000,0.000000
8.500450,0.000000,0.000000,0.000000,0.000000,0.000000,0.000000
8.509060,0.000000,0.000000,0.000000,0.000000,0.000000,0.000000
8.517400,0.000000,0.000000,0.000000,0.000000,0.000000,0.000000
8.525769,0.000000,0.000000,0.000000,0.000000,0.000000,0.000000
8.534100,0.000000,0.000000,0.000000,0.000000,0.000000,0.000000
8.542331,0.000000,0.000000,0.000000,0.000000,0.000000,0.000000
8.550774,0.000000,0.000000,0.000000,0.000000,0.000000,0.000000
8.559450,0.000000,0.000000,0.000000,0.000000,0.000000,0.000000
8.568069,0.000000,0.000000,0.000000,0.000000,0.000000,0.000000
8.576387,0.000000,0.000000,0.000000,0.000000,0.000000,0.000000
8.584588,0.000000,0.000000,0.000000,0.000000,0.000000,0.000000
8.592929,0.000000,0.000000,0.000000,0.000000,0.000000,0.000000
8.601180,0.000000,0.000000,0.000000,0.000000,0.000000,0.000000
8.609927,0.000000,0.000000,0.000000,0.000000,0.000000,0.000000
8.618356,0.000000,0.000000,0.000000,0.000000,0.000000,0.000000
8.626660,0.000000,0.000000,0.000000,0.000000,0.000000,0.000000
8.635043,0.000000,0.000000,0.000000,0.000000,0.000000,0.000000
8.643295,0.000000,0.000000,0.000000,0.000000,0.000000,0.000000
8.651785,0.000000,0.000000,0.000000,0.000000,0.000000,0.000000
8.660486,0.000000,0.000000,0.000000,0.000000,0.000000,0.000000
8.668877,0.000000,0.000000,0.000000,0.000000,0.000000,0.000000
8.677250,0.000000,0.000000,0.000000,0.000000,0.000000,0.000000
8.685479,0.000000,0.000000,0.000000,0.000000,0.000000,0.000000
8.693902,0.000000,0.000000,0.000000,0.000000,0.000000,0.000000
8.702191,0.000000,0.000000,0.000000,0.000000,0.000000,0.000000
8.710919,0.000000,0.000000,0.000000,0.000000,0.000000,0.000000
8.719295,0.000000,0.000000,0.000000,0.000000,0.000000,0.000000
8.727558,0.000000,0.000000,0.000000,0.000000,0.000000,0.000000
8.736055,0.000000,0.000000,0.000000,0.000000,0.000000,0.000000
8.744365,0.000000,0.000000,0.000000,0.000000,0.000000,0.000000
8.752763,0.000000,0.000000,0.000000,0.000000,0.000000,0.000000
8.761365,0.000000,0.000000,0.000000,0.000000,0.000000,0.000000
8.769671,0.000000,0.000000,0.000000,0.000000,0.000000,0.000000
8.778044,0.000000,0.000000,0.000000,0.000000,0.000000,0.000000
8.787881,0.000000,0.000000,0.000000,0.000000,0.000000,0.000000
8.796375,0.000000,0.000000,0.000000,0.000000,0.000000,0.000000
8.805033,0.000000,0.000000,0.000000,0.000000,0.000000,0.000000
8.813638,0.000000,0.000000,0.000000,0.000000,0.000000,0.000000
8.822028,0.000000,0.000000,0.000000,0.000000,0.000000,0.000000
8.830623,0.000000,0.000000,0.000000,0.000000,0.000000,0.000000
8.839707,0.000000,0.000000,0.000000,0.000000,0.000000,0.000000
8.847983,0.000000,0.000000,0.000000,0.000000,0.000000,0.000000
8.856498,0.000000,0.000000,0.000000,0.000000,0.000000,0.000000
8.864928,0.000000,0.000000,0.000000,0.000000,0.000000,0.000000
8.873450,0.000000,0.000000,0.000000,0.000000,0.000000,0.000000
8.881886,0.000000,0.000000,0.000000,0.000000,0.000000,0.000000
8.890135,0.000000,0.000000,0.000000,0.000000,0.000000,0.000000
8.898569,0.000000,0.000000,0.000000,0.000000,0.000000,0.000000
8.907742,0.000000,0.000000,0.000000,0.000000,0.000000,0.000000
8.916434,0.000000,0.000000,0.000000,0.000000,0.000000,0.000000
8.924721,0.000000,0.000000,0.000000,0.000000,0.000000,0.000000
8.932967,0.000000,0.000000,0.000000,0.000000,0.000000,0.000000
8.941371,0.000000,0.000000,0.000000,0.000000,0.000000,0.000000
8.948867,0.000000,0.000000,0.000000,0.000000,0.000000,0.000000
8.957068,0.000000,0.000000,0.000000,0.000000,0.000000,0.000000
8.964673,0.000000,0.000000,0.000000,0.000000,0.000000,0.000000
8.972238,0.000000,0.000000,0.000000,0.000000,0.000000,0.000000
8.979806,0.000000,0.000000,0.000000,0.000000,0.000000,0.000000
8.987348,0.000000,0.000000,0.000000,0.000000,0.000000,0.000000
8.994879,0.000000,0.000000,0.000000,0.000000,0.000000,0.000000
9.002508,0.000000,0.000000,0.000000,0.000000,0.000000,0.000000
9.010436,0.000000,0.000000,0.000000,0.000000,0.000000,0.000000
9.018207,0.000000,0.000000,0.000000,0.000000,0.000000,0.000000
9.025806,0.000000,0.000000,0.000000,0.000000,0.000000,0.000000
9.033279,0.000000,0.000000,0.000000,0.000000,0.000000,0.000000
9.040961,0.000000,0.000000,0.000000,0.000000,0.000000,0.000000
9.049173,0.000000,0.000000,0.000000,0.000000,0.000000,0.000000
9.057853,0.000000,0.000000,0.000000,0.000000,0.000000,0.000000
9.067116,0.000000,0.000000,0.000000,0.000000,0.000000,0.000000
9.075541,0.000000,0.000000,0.000000,0.000000,0.000000,0.000000
9.083979,0.000000,0.000000,0.000000,0.000000,0.000000,0.000000
9.092332,0.000000,0.000000,0.000000,0.000000,0.000000,0.000000
9.100635,0.000000,0.000000,0.000000,0.000000,0.000000,0.000000
9.109190,0.000000,0.000000,0.000000,0.000000,0.000000,0.000000
9.117652,0.000000,0.000000,0.000000,0.000000,0.000000,0.000000
9.125965,0.000000,0.000000,0.000000,0.000000,0.000000,0.000000
9.134202,0.000000,0.000000,0.000000,0.000000,0.000000,0.000000
9.142776,0.000000,0.000000,0.000000,0.000000,0.000000,0.000000
9.150402,0.000000,0.000000,0.000000,0.000000,0.000000,0.000000
9.157991,0.000000,0.000000,0.000000,0.000000,0.000000,0.000000
9.165620,0.000000,0.000000,0.000000,0.000000,0.000000,0.000000
9.173097,0.000000,0.000000,0.000000,0.000000,0.000000,0.000000
9.180706,0.000000,0.000000,0.000000,0.000000,0.000000,0.000000
9.188270,0.000000,0.000000,0.000000,0.000000,0.000000,0.000000
9.195722,0.000000,0.000000,0.000000,0.000000,0.000000,0.000000
9.203558,0.000000,0.000000,0.000000,0.000000,0.000000,0.000000
9.211298,0.000000,0.000000,0.000000,0.000000,0.000000,0.000000
9.218895,0.000000,0.000000,0.000000,0.000000,0.000000,0.000000
9.227088,0.000000,0.000000,0.000000,0.000000,0.000000,0.000000
9.234611,0.000000,0.000000,0.000000,0.000000,0.000000,0.000000
9.242388,0.000000,0.000000,0.000000,0.000000,0.000000,0.000000
9.250467,0.000000,0.000000,0.000000,0.000000,0.000000,0.000000
9.258991,0.000000,0.000000,0.000000,0.000000,0.000000,0.000000
9.267380,0.000000,0.000000,0.000000,0.000000,0.000000,0.000000
9.275635,0.000000,0.000000,0.000000,0.000000,0.000000,0.000000
9.283957,0.000000,0.000000,0.000000,0.000000,0.000000,0.000000
9.292274,0.000000,0.000000,0.000000,0.000000,0.000000,0.000000
9.300600,0.000000,0.000000,0.000000,0.000000,0.000000,0.000000
9.309135,0.000000,0.000000,0.000000,0.000000,0.000000,0.000000
9.317593,0.000000,0.000000,0.000000,0.000000,0.000000,0.000000
9.326047,0.000000,0.000000,0.000000,0.000000,0.000000,0.000000
9.334504,0.000000,0.000000,0.000000,0.000000,0.000000,0.000000
9.342925,0.000000,0.000000,0.000000,0.000000,0.000000,0.000000
9.351315,0.000000,0.000000,0.000000,0.000000,0.000000,0.000000
9.359779,0.000000,0.000000,0.000000,0.000000,0.000000,0.000000
9.368298,0.000000,0.000000,0.000000,0.000000,0.000000,0.000000
9.376547,0.000000,0.000000,0.000000,0.000000,0.000000,0.000000
9.385762,0.000000,0.000000,0.000000,0.000000,0.000000,0.000000
9.394193,0.000000,0.000000,0.000000,0.000000,0.000000,0.000000
9.402594,0.000000,0.000000,0.000000,0.000000,0.000000,0.000000
9.411078,0.000000,0.000000,0.000000,0.000000,0.000000,0.000000
9.419399,0.000000,0.000000,0.000000,0.000000,0.000000,0.000000
9.427779,0.000000,0.000000,0.000000,0.000000,0.000000,0.000000
9.436018,0.000000,0.000000,0.000000,0.000000,0.000000,0.000000
9.444279,0.000000,0.000000,0.000000,0.000000,0.000000,0.000000
9.452542,0.000000,0.000000,0.000000,0.000000,0.000000,0.000000
9.460858,0.000000,0.000000,0.000000,0.000000,0.000000,0.000000
9.469315,0.000000,0.000000,0.000000,0.000000,0.000000,0.000000
9.477628,0.000000,0.000000,0.000000,0.000000,0.000000,0.000000
9.485876,0.000000,0.000000,0.000000,0.000000,0.000000,0.000000
9.494171,0.000000,0.000000,0.000000,0.000000,0.000000,0.000000
9.502504,0.000000,0.000000,0.000000,0.000000,0.000000,0.000000
9.510885,0.000000,0.000000,0.000000,0.000000,0.000000,0.000000
9.519236,0.000000,0.000000,0.000000,0.000000,0.000000,0.000000
9.527586,0.000000,0.000000,0.000000,0.000000,0.000000,0.000000
9.535840,0.000000,0.000000,0.000000,0.000000,0.000000,0.000000
9.544041,0.000000,0.000000,0.000000,0.000000,0.000000,0.000000
9.552382,0.000000,0.000000,0.000000,0.000000,0.000000,0.000000
9.560668,0.000000,0.000000,0.000000,0.000000,0.000000,0.000000
9.569069,0.000000,0.000000,0.000000,0.000000,0.000000,0.000000
9.577345,0.000000,0.000000,0.000000,0.000000,0.000000,0.000000
9.585549,0.000000,0.000000,0.000000,0.000000,0.000000,0.000000
9.593859,0.000000,0.000000,0.000000,0.000000,0.000000,0.000000
9.602054,0.000000,0.000000,0.000000,0.000000,0.000000,0.000000
9.610349,0.000000,0.000000,0.000000,0.000000,0.000000,0.000000
9.618795,0.000000,0.000000,0.000000,0.000000,0.000000,0.000000
9.627714,0.000000,0.000000,0.000000,0.000000,0.000000,0.000000
9.636040,0.000000,0.000000,0.000000,0.000000,0.000000,0.000000
9.644264,0.000000,0.000000,0.000000,0.000000,0.000000,0.000000
9.652531,0.000000,0.000000,0.000000,0.000000,0.000000,0.000000
9.660807,0.000000,0.000000,0.000000,0.000000,0.000000,0.000000
9.669265,0.000000,0.000000,0.000000,0.000000,0.000000,0.000000
9.677575,0.000000,0.000000,0.000000,0.000000,0.000000,0.000000
9.686196,0.000000,0.000000,0.000000,0.000000,0.000000,0.000000
9.694734,0.000000,0.000000,0.000000,0.000000,0.000000,0.000000
9.702961,0.000000,0.000000,0.000000,0.000000,0.000000,0.000000
9.711297,0.000000,0.000000,0.000000,0.000000,0.000000,0.000000
9.719767,0.000000,0.000000,0.000000,0.000000,0.000000,0.000000
9.728071,0.000000,0.000000,0.000000,0.000000,0.000000,0.000000
9.736436,0.000000,0.000000,0.000000,0.000000,0.000000,0.000000
9.744727,0.000000,0.000000,0.000000,0.000000,0.000000,0.000000
9.753053,0.000000,0.000000,0.000000,0.000000,0.000000,0.000000
9.761399,0.000000,0.000000,0.000000,0.000000,0.000000,0.000000
9.769918,0.000000,0.000000,0.000000,0.000000,0.000000,0.000000
9.778297,0.000000,0.000000,0.000000,0.000000,0.000000,0.000000
9.786539,0.000000,0.000000,0.000000,0.000000,0.000000,0.000000
9.794849,0.000000,0.000000,0.000000,0.000000,0.000000,0.000000
9.803105,0.000000,0.000000,0.000000,0.000000,0.000000,0.000000
9.811410,0.000000,0.000000,0.000000,0.000000,0.000000,0.000000
9.820009,0.000000,0.000000,0.000000,0.000000,0.000000,0.000000
9.828268,0.000000,0.000000,0.000000,0.000000,0.000000,0.000000
9.836737,0.000000,0.000000,0.000000,0.000000,0.000000,0.000000
9.845072,0.000000,0.000000,0.000000,0.000000,0.000000,0.000000
9.853541,0.000000,0.000000,0.000000,0.000000,0.000000,0.000000
9.862131,0.000000,0.000000,0.000000,0.000000,0.000000,0.000000
9.870955,0.000000,0.000000,0.000000,0.000000,0.000000,0.000000
9.879320,0.000000,0.000000,0.000000,0.000000,0.000000,0.000000
9.887598,0.000000,0.000000,0.000000,0.000000,0.000000,0.000000
9.895888,0.000000,0.000000,0.000000,0.000000,0.000000,0.000000
9.904141,0.000000,0.000000,0.000000,0.000000,0.000000,0.000000
9.912416,0.000000,0.000000,0.000000,0.000000,0.000000,0.000000
9.921029,0.000000,0.000000,0.000000,0.000000,0.000000,0.000000
9.929276,0.000000,0.000000,0.000000,0.000000,0.000000,0.000000
9.937633,0.000000,0.000000,0.000000,0.000000,0.000000,0.000000
9.945915,0.000000,0.000000,0.000000,0.000000,0.000000,0.000000
9.954201,0.000000,0.000000,0.000000,0.000000,0.000000,0.000000
9.962580,0.000000,0.000000,0.000000,0.000000,0.000000,0.000000
9.971136,0.000000,0.000000,0.000000,0.000000,0.000000,0.000000
9.979493,0.000000,0.000000,0.000000,0.000000,0.000000,0.000000
9.987823,0.000000,0.000000,0.000000,0.000000,0.000000,0.000000
9.996127,0.000000,0.000000,0.000000,0.000000,0.000000,0.000000
10.018073,0.000000,0.000000,0.000000,0.000000,0.000000,0.000000
10.028151,0.000000,0.000000,0.000000,0.000000,0.000000,0.000000
10.037860,0.000000,0.000000,0.000000,0.000000,0.000000,0.000000
10.047397,0.000000,0.000000,0.000000,0.000000,0.000000,0.000000
10.056744,0.000000,0.000000,0.000000,0.000000,0.000000,0.000000
10.069003,0.000000,0.000000,0.000000,0.000000,0.000000,0.000000
10.078504,0.000000,0.000000,0.000000,0.000000,0.000000,0.000000
10.088487,0.000000,0.000000,0.000000,0.000000,0.000000,0.000000
10.098518,0.000000,0.000000,0.000000,0.000000,0.000000,0.000000
10.108426,0.000000,0.000000,0.000000,0.000000,0.000000,0.000000
10.117678,0.000000,0.000000,0.000000,0.000000,0.000000,0.000000
10.126012,0.000000,0.000000,0.000000,0.000000,0.000000,0.000000
10.134350,0.000000,0.000000,0.000000,0.000000,0.000000,0.000000
10.142685,0.000000,0.000000,0.000000,0.000000,0.000000,0.000000
10.150998,0.000000,0.000000,0.000000,0.000000,0.000000,0.000000
10.159376,0.000000,0.000000,0.000000,0.000000,0.000000,0.000000
10.167895,0.000000,0.000000,0.000000,0.000000,0.000000,0.000000
10.176219,0.000000,0.000000,0.000000,0.000000,0.000000,0.000000
10.184625,0.000000,0.000000,0.000000,0.000000,0.000000,0.000000
10.192877,0.000000,0.000000,0.000000,0.000000,0.000000,0.000000
10.201228,0.000000,0.000000,0.000000,0.000000,0.000000,0.000000
10.209464,0.000000,0.000000,0.000000,0.000000,0.000000,0.000000
10.218285,0.000000,0.000000,0.000000,0.000000,0.000000,0.000000
10.226627,0.000000,0.000000,0.000000,0.000000,0.000000,0.000000
10.234881,0.000000,0.000000,0.000000,0.000000,0.000000,0.000000
10.243210,0.000000,0.000000,0.000000,0.000000,0.000000,0.000000
10.251462,0.000000,0.000000,0.000000,0.000000,0.000000,0.000000
10.259800,0.000000,0.000000,0.000000,0.000000,0.000000,0.000000
10.268690,0.000000,0.000000,0.000000,0.000000,0.000000,0.000000
10.277030,0.000000,0.000000,0.000000,0.000000,0.000000,0.000000
10.285823,0.000000,0.000000,0.000000,0.000000,0.000000,0.000000
10.294136,0.000000,0.000000,0.000000,0.000000,0.000000,0.000000
10.302569,0.000000,0.000000,0.000000,0.000000,0.000000,0.000000
10.310854,0.000000,0.000000,0.000000,0.000000,0.000000,0.000000
10.319458,0.000000,0.000000,0.000000,0.000000,0.000000,0.000000
10.327871,0.000000,0.000000,0.000000,0.000000,0.000000,0.000000
10.336153,0.000000,0.000000,0.000000,0.000000,0.000000,0.000000
10.344417,0.000000,0.000000,0.000000,0.000000,0.000000,0.000000
10.352661,0.000000,0.000000,0.000000,0.000000,0.000000,0.000000
10.360886,0.000000,0.000000,0.000000,0.000000,0.000000,0.000000
10.369660,0.000000,0.000000,0.000000,0.000000,0.000000,0.000000
10.378368,0.000000,0.000000,0.000000,0.000000,0.000000,0.000000
10.386701,0.000000,0.000000,0.000000,0.000000,0.000000,0.000000
10.394982,0.000000,0.000000,0.000000,0.000000,0.000000,0.000000
10.403273,0.000000,0.000000,0.000000,0.000000,0.000000,0.000000
10.412081,0.000000,0.000000,0.000000,0.000000,0.000000,0.000000
12.420537,0.000000,0.000000,0.000000,0.000000,0.000000,0.000000
12.425144,0.000000,0.000000,0.000000,0.000000,0.000000,0.000000
12.430086,0.000000,0.000000,0.000000,0.000000,0.000000,0.000000
12.434709,0.000000,0.000000,0.000000,0.000000,0.000000,0.000000
12.439340,0.000000,0.000000,0.000000,0.000000,0.000000,0.000000
12.443964,0.000000,0.000000,0.000000,0.000000,0.000000,0.000000
12.448528,0.000000,0.000000,0.000000,0.000000,0.000000,0.000000
12.453202,0.000000,0.000000,0.000000,0.000000,0.000000,0.000000
12.457770,0.000000,0.000000,0.000000,0.000000,0.000000,0.000000
12.462318,0.000000,0.000000,0.000000,0.000000,0.000000,0.000000
12.467066,0.000000,0.000000,0.000000,0.000000,0.000000,0.000000
12.471691,0.000000,0.000000,0.000000,0.000000,0.000000,0.000000
12.476319,0.000000,0.000000,0.000000,0.000000,0.000000,0.000000
12.480883,0.000000,0.000000,0.000000,0.000000,0.000000,0.000000
12.485419,0.000000,0.000000,0.000000,0.000000,0.000000,0.000000
12.490079,0.000000,0.000000,0.000000,0.000000,0.000000,0.000000
12.494753,0.000000,0.000000,0.000000,0.000000,0.000000,0.000000
12.499365,0.000000,0.000000,0.000000,0.000000,0.000000,0.000000
12.503888,0.000000,0.000000,0.000000,0.000000,0.000000,0.000000
12.508445,0.000000,0.000000,0.000000,0.000000,0.000000,0.000000
12.513063,0.000000,0.000000,0.000000,0.000000,0.000000,0.000000
12.517638,0.000000,0.000000,0.000000,0.000000,0.000000,0.000000
12.522181,0.000000,0.000000,0.000000,0.000000,0.000000,0.000000
12.526745,0.000000,0.000000,0.000000,0.000000,0.000000,0.000000
12.531378,0.000000,0.000000,0.000000,0.000000,0.000000,0.000000
12.536047,0.000000,0.000000,0.000000,0.000000,0.000000,0.000000
12.540670,0.000000,0.000000,0.000000,0.000000,0.000000,0.000000
12.545375,0.000000,0.000000,0.000000,0.000000,0.000000,0.000000
12.549953,0.000000,0.000000,0.000000,0.000000,0.000000,0.000000
12.554607,0.000000,0.000000,0.000000,0.000000,0.000000,0.000000
12.559142,0.000000,0.000000,0.000000,0.000000,0.000000,0.000000
12.563713,0.000000,0.000000,0.000000,0.000000,0.000000,0.000000
12.568307,0.000000,0.000000,0.000000,0.000000,0.000000,0.000000
12.572878,0.000000,0.000000,0.000000,0.000000,0.000000,0.000000
12.577475,0.000000,0.000000,0.000000,0.000000,0.000000,0.000000
12.581984,0.000000,0.000000,0.000000,0.000000,0.000000,0.000000
12.586554,0.000000,0.000000,0.000000,0.000000,0.000000,0.000000
12.591182,0.000000,0.000000,0.000000,0.000000,0.000000,0.000000
12.595940,0.000000,0.000000,0.000000,0.000000,0.000000,0.000000
12.600710,0.000000,0.000000,0.000000,0.000000,0.000000,0.000000
12.605255,0.000000,0.000000,0.000000,0.000000,0.000000,0.000000
12.609837,0.000000,0.000000,0.000000,0.000000,0.000000,0.000000
12.614533,0.000000,0.000000,0.000000,0.000000,0.000000,0.000000
12.619140,0.000000,0.000000,0.000000,0.000000,0.000000,0.000000
12.623689,0.000000,0.000000,0.000000,0.000000,0.000000,0.000000
12.628299,0.000000,0.000000,0.000000,0.000000,0.000000,0.000000
12.632915,0.000000,0.000000,0.000000,0.000000,0.000000,0.000000
12.637522,0.000000,0.000000,0.000000,0.000000,0.000000,0.000000
12.642131,0.000000,0.000000,0.000000,0.000000,0.000000,0.000000
12.646869,0.000000,0.000000,0.000000,0.000000,0.000000,0.000000
12.651472,0.000000,0.000000,0.000000,0.000000,0.000000,0.000000
12.656440,0.000000,0.000000,0.000000,0.000000,0.000000,0.000000
12.661003,0.000000,0.000000,0.000000,0.000000,0.000000,0.000000
12.665610,0.000000,0.000000,0.000000,0.000000,0.000000,0.000000
12.670352,0.000000,0.000000,0.000000,0.000000,0.000000,0.000000
12.675129,0.000000,0.000000,0.000000,0.000000,0.000000,0.000000
12.679997,0.000000,0.000000,0.000000,0.000000,0.000000,0.000000
12.684800,0.000000,0.000000,0.000000,0.000000,0.000000,0.000000
12.689521,0.000000,0.000000,0.000000,0.000000,0.000000,0.000000
12.694351,0.000000,0.000000,0.000000,0.000000,0.000000,0.000000
12.699160,0.000000,0.000000,0.000000,0.000000,0.000000,0.000000
12.703928,0.000000,0.000000,0.000000,0.000000,0.000000,0.000000
12.708709,0.000000,0.000000,0.000000,0.000000,0.000000,0.000000
12.713281,0.000000,0.000000,0.000000,0.000000,0.000000,0.000000
12.717916,0.000000,0.000000,0.000000,0.000000,0.000000,0.000000
12.722640,0.000000,0.000000,0.000000,0.000000,0.000000,0.000000
12.727069,0.000000,0.000000,0.000000,0.000000,0.000000,0.000000
12.731531,0.000000,0.000000,0.000000,0.000000,0.000000,0.000000
12.736329,0.000000,0.000000,0.000000,0.000000,0.000000,0.000000
12.740800,0.000000,0.000000,0.000000,0.000000,0.000000,0.000000
12.746048,0.000000,0.000000,0.000000,0.000000,0.000000,0.000000
12.750518,0.000000,0.000000,0.000000,0.000000,0.000000,0.000000
12.754991,0.000000,0.000000,0.000000,0.000000,0.000000,0.000000
12.759493,0.000000,0.000000,0.000000,0.000000,0.000000,0.000000
12.763936,0.000000,0.000000,0.000000,0.000000,0.000000,0.000000
12.768441,0.000000,0.000000,0.000000,0.000000,0.000000,0.000000
12.772906,0.000000,0.000000,0.000000,0.000000,0.000000,0.000000
12.777453,0.000000,0.000000,0.000000,0.000000,0.000000,0.000000
12.781935,0.000000,0.000000,0.000000,0.000000,0.000000,0.000000
12.786374,0.000000,0.000000,0.000000,0.000000,0.000000,0.000000
12.790791,0.000000,0.000000,0.000000,0.000000,0.000000,0.000000
12.795321,0.000000,0.000000,0.000000,0.000000,0.000000,0.000000
12.799891,0.000000,0.000000,0.000000,0.000000,0.000000,0.000000
12.804342,0.000000,0.000000,0.000000,0.000000,0.000000,0.000000
12.809095,0.000000,0.000000,0.000000,0.000000,0.000000,0.000000
14.815347,0.000000,0.000000,0.000000,0.000000,0.000000,0.000000
14.820152,0.000000,0.000000,0.000000,0.000000,0.000000,0.000000
14.824897,0.000000,0.000000,0.000000,0.000000,0.000000,0.000000
14.829695,0.000000,0.000000,0.000000,0.000000,0.000000,0.000000
14.834424,0.000000,0.000000,0.000000,0.000000,0.000000,0.000000
14.839134,0.000000,0.000000,0.000000,0.000000,0.000000,0.000000
14.843815,0.000000,0.000000,0.000000,0.000000,0.000000,0.000000
14.848643,0.000000,0.000000,0.000000,0.000000,0.000000,0.000000
14.853341,0.000000,0.000000,0.000000,0.000000,0.000000,0.000000
14.858141,0.000000,0.000000,0.000000,0.000000,0.000000,0.000000
14.863129,0.000000,0.000000,0.000000,0.000000,0.000000,0.000000
14.868050,0.000000,0.000000,0.000000,0.000000,0.000000,0.000000
14.872540,0.000000,0.000000,0.000000,0.000000,0.000000,0.000000
14.877019,0.000000,0.000000,0.000000,0.000000,0.000000,0.000000
14.882082,0.000000,0.000000,0.000000,0.000000,0.000000,0.000000
16.888989,0.000000,0.000000,0.000000,0.000000,0.000000,0.000000
16.894300,0.000000,0.000000,0.000000,0.000000,0.000000,0.000000
16.899166,0.000000,0.000000,0.000000,0.000000,0.000000,0.000000
16.903998,0.000000,0.000000,0.000000,0.000000,0.000000,0.000000
16.908861,0.000000,0.000000,0.000000,0.000000,0.000000,0.000000
16.913659,0.000000,0.000000,0.000000,0.000000,0.000000,0.000000
16.919312,0.000000,0.000000,0.000000,0.000000,0.000000,0.000000
16.924362,0.000000,0.000000,0.000000,0.000000,0.000000,0.000000
16.930163,0.000000,0.000000,0.000000,0.000000,0.000000,0.000000
16.935441,0.000000,0.000000,0.000000,0.000000,0.000000,0.000000
16.941193,0.000000,0.000000,0.000000,0.000000,0.000000,0.000000
16.946861,0.000000,0.000000,0.000000,0.000000,0.000000,0.000000
16.952657,0.000000,0.000000,0.000000,0.000000,0.000000,0.000000
16.958076,0.000000,0.000000,0.000000,0.000000,0.000000,0.000000
16.964125,0.000000,0.000000,0.000000,0.000000,0.000000,0.000000
16.970021,0.000000,0.000000,0.000000,0.000000,0.000000,0.000000
16.975623,0.000000,0.000000,0.000000,0.000000,0.000000,0.000000
16.981400,0.000000,0.000000,0.000000,0.000000,0.000000,0.000000
16.986759,0.000000,0.000000,0.000000,0.000000,0.000000,0.000000
16.992291,0.000000,0.000000,0.000000,0.000000,0.000000,0.000000
16.997433,0.000000,0.000000,0.000000,0.000000,0.000000,0.000000
17.002889,0.000000,0.000000,0.000000,0.000000,0.000000,0.000000
17.007898,0.000000,0.000000,0.000000,0.000000,0.000000,0.000000
17.013439,0.000000,0.000000,0.000000,0.000000,0.000000,0.000000
17.018582,0.000000,0.000000,0.000000,0.000000,0.000000,0.000000
17.023506,0.000000,0.000000,0.000000,0.000000,0.000000,0.000000
17.028279,0.000000,0.000000,0.000000,0.000000,0.000000,0.000000
17.032822,0.000000,0.000000,0.000000,0.000000,0.000000,0.000000
17.037351,0.000000,0.000000,0.000000,0.000000,0.000000,0.000000
17.043039,0.000000,0.000000,0.000000,0.000000,0.000000,0.000000
17.047629,0.000000,0.000000,0.000000,0.000000,0.000000,0.000000
17.052320,0.000000,0.000000,0.000000,0.000000,0.000000,0.000000
17.058585,0.000000,0.000000,0.000000,0.000000,0.000000,0.000000
17.063457,0.000000,0.000000,0.000000,0.000000,0.000000,0.000000
17.067981,0.000000,0.000000,0.000000,0.000000,0.000000,0.000000
17.072523,0.000000,0.000000,0.000000,0.000000,0.000000,0.000000
17.077235,0.000000,0.000000,0.000000,0.000000,0.000000,0.000000
19.084147,0.000000,0.000000,0.000000,0.000000,0.000000,0.000000
19.089334,0.000000,0.000000,0.000000,0.000000,0.000000,0.000000
19.094137,0.000000,0.000000,0.000000,0.000000,0.000000,0.000000
19.098927,0.000000,0.000000,0.000000,0.000000,0.000000,0.000000
19.103715,0.000000,0.000000,0.000000,0.000000,0.000000,0.000000
19.108623,0.000000,0.000000,0.000000,0.000000,0.000000,0.000000
19.114081,0.000000,0.000000,0.000000,0.000000,0.000000,0.000000
19.119280,0.000000,0.000000,0.000000,0.000000,0.000000,0.000000
19.124033,0.000000,0.000000,0.000000,0.000000,0.000000,0.000000
19.129441,0.000000,0.000000,0.000000,0.000000,0.000000,0.000000
19.135428,0.000000,0.000000,0.000000,0.000000,0.000000,0.000000
