L,i,D,A,R,',",",',D,i,s,t,a,n,c,e, ,(,m,),',",", ,',T,i,m,e, ,(,s,),"
"
1,0.35,0.05742001533508301
2,1.65,0.06766271591186523
2,1.67,2.078559637069702
1,0.34,2.2857372760772705
2,1.68,2.292264223098755
2,1.14,4.298460483551025
1,0.35,4.457820415496826
2,1.12,4.462748050689697
2,1.28,6.46916937828064
1,0.37,6.951838970184326
2,1.28,6.956568002700806
2,1.62,8.963199615478516
1,0.35,9.135221242904663
2,1.64,9.141436100006104
2,1.53,11.14889645576477
1,0.37,11.536722421646118
2,1.49,11.54155158996582
2,1.43,13.548215866088867
1,0.37,13.780445337295532
2,1.44,13.785582542419434
2,1.28,15.792125701904297
1,0.39,15.948614120483398
2,1.27,15.954195261001587
2,1.03,17.961825609207153
1,0.39,18.100842714309692
2,1.03,18.105785846710205
2,0.95,20.11236596107483
1,0.37,20.181246280670166
2,0.96,20.18707776069641
